"","Reservoir","TGG.W..TGG.W.","TTT.F..ACT.T.","K.Bias","AGC.Bias","GTA.Bias","TGG.W..AAC.N.","GCT.Bias","CAG.Q..AGC.S.","AGA.Bias","acg","GAG.E..AAA.K.","CGA.R..CCC.P.","ApC","AAT.N..ATA.I.","AAC.N..AAG.K.","tga","GpG","aca","agc","C.Bias","GCA.Bias","cag","AAT.N..GGT.G.","GCT.A..CAG.Q.","AGA.R..GAA.E.","bird","camelid","carnivore","human","rodent","swine","yangochiroptera","yinpterochiroptera"
"1","carnivore",0,-0.0972773387106009,0.0562171982236577,0.0893939393939394,0.212710765239948,-0.568027354839707,0.513475177304965,1.05735560602973,0.347258485639687,0.0386956976098261,-0.439247139586987,2.54191148918243,1.17254347031162,-1.16117470124274,0.438784133966991,0.161976221405234,0.936996168144542,0.192486290674519,0.0878094676530669,0.0311869196608801,0.279432624113475,0.10988585923816,0.158694109388096,-0.380638265794685,0.489030766833202,0,0,0.258264863314113,0,0,0,0,0.741735136685887
"2","carnivore",0,-0.0838322334034021,0.0560607574697712,0.0917293233082707,0.212082262210797,-0.573673527425654,0.506311360448808,0.983520441000623,0.347043701799486,0.0386385136469733,-0.448944754686001,2.30693296661277,1.17024372964348,-1.20978976285035,0.398787475915555,0.162281757317288,0.941865969883244,0.19294328750166,0.0872482566221977,0.030778455081443,0.283309957924264,0.110431364810382,0.209332126155788,-0.410295943498067,0.498421457127164,0,0,0.258258855881608,0,0,0,0,0.741741144118392
"3","swine",0,-0.379056232641654,0.0600668607786045,0.107476635514019,0.197352587244284,0.428800754888463,0.521739130434783,-9999,0.455108359133127,0.045590328789432,0.21463329408217,-9999,1.18073754840435,0.115766598842671,0.176569133155026,0.172894470928229,0.89747188212845,0.1641750091379,0.0819629408290882,0.0312735899924512,0.322742474916388,0.0919280400180351,0.291987534712532,-0.801817820090804,-9999,0,0,0,0,0,1,0,0
"4","yinpterochiroptera",0,-0.103607933961852,0.0570619182517199,0.086053412462908,0.19375,0.577836334048951,0.491304347826087,-9999,0.342318059299191,0.046523670577396,-0.849958162092586,2.7270983960729,1.18147025358463,-9999,0.475138935810608,0.156239920441736,0.934489356837276,0.189826527543065,0.0850860713233659,0.0308579522460542,0.285507246376812,0.111706567322197,0.0237964827825669,-0.35392825911034,-0.375300491296739,0,0,0,0,0,0,0,1
"5","swine",0,-0.37753179955772,0.0601617250673854,0.107309486780715,0.195678271308523,0.503905180921417,0.521885521885522,-9999,0.457943925233645,0.0453287344550471,0.223926096862892,-9999,1.18415793183482,0.118443976613388,0.377925378060855,0.173345050443477,0.893433906660049,0.164627986125198,0.0816913456112936,0.0315902964959569,0.326599326599327,0.0919027638127053,0.305869081566197,-0.792795971686187,-9999,0,0,0,0,0,1,0,0
"6","swine",0,-0.693397285384594,0.0634445723053318,0.108138238573021,0.183724832214765,0.542859112253167,0.536756126021004,-9999,0.471428571428571,0.0456531487808356,0.418857993321966,-9999,1.16244215023888,0.141632193657495,0.254356854566225,0.174196092834138,0.891637870770463,0.163484180829696,0.0800842945093987,0.031837360951285,0.323220536756126,0.0923264796573323,0.31579296906086,-0.307778147117678,-9999,0,0,0,0,0,1,0,0
"7","swine",0,-0.508904347500281,0.0604567845947156,0.107936507936508,0.176543209876543,0.454531553533671,0.513416815742397,-9999,0.476666666666667,0.0439293924047219,0.228045521914417,-9999,1.18311158071313,0.0980522544960304,0.247271048392464,0.175974466650494,0.887413578458766,0.157734777406429,0.0816932560508864,0.0317957904164801,0.32737030411449,0.0914553432519358,0.282290742588531,-0.769816848248268,-9999,0,0,0,0,0,1,0,0
"8","swine",0,-0.37258123874904,0.060504745470233,0.109204368174727,0.193548387096774,0.285932290727993,0.532883642495784,-9999,0.463722397476341,0.0422560326068898,0.232375145010158,-9999,1.18647422145841,0.00507820977324188,0.502603327536586,0.17300116879056,0.897038101180148,0.167035611246058,0.0820264162369037,0.0314926660914582,0.33389544688027,0.0917204472467196,0.32604625985849,-0.158681602713132,-9999,0,0,0,0,0,1,0,0
"9","swine",0,-0.593745284992447,0.0630366018978762,0.116100766703176,0.18633034987795,0.37934117351835,0.538638985005767,-9999,0.47877358490566,0.0422897282811958,0.447817918547876,-9999,1.16683589489006,0.0507851670420698,0.466601752583397,0.173636649060439,0.887146925567283,0.166920045156955,0.082091825487027,0.0313300195812622,0.33679354094579,0.0910472973583391,0.338935639055854,0.0738447409343701,-9999,0,0,0,0,0,1,0,0
"10","camelid",0,0.174219325425526,0.0579609630436937,0.10655737704918,0.165027322404372,0.596803858552308,0.524332810047096,0.478432126757469,0.291545189504373,0.031032201156023,0.444046025974106,-9999,1.05220227639897,-0.239465374331146,-0.9939999743369,0.149176224128596,0.912839057456344,0.106617776828908,0.0824569916431468,0.0342811849796889,0.28414442700157,0.0957565064242995,-0.00707884195787002,-0.750367784330878,-0.854849450151164,0,1,0,0,0,0,0,0
"11","bird",0.206922865367278,-0.0727166675814636,0.0516592139326901,0.0675909878682842,0.205755395683453,-0.349430079520228,0.448220064724919,0.0814673416906959,0.298305084745763,0.0395791433742743,0.279944217683075,-9999,1.20061810231064,-0.831902253776301,0.174387702539416,0.146852269899032,0.990280226989549,0.180426301864795,0.0949899440982584,0.0265944928218404,0.375404530744337,0.124196622312378,0.226855914974219,0.655146236513494,0.161158010903544,1,0,0,0,0,0,0,0
"12","bird",0.207067524708484,0.0127231022903124,0.0518012714857546,0.0699300699300699,0.202586206896552,-0.34554945477233,0.455128205128205,0.0378692601358148,0.294915254237288,0.037203425277834,0.247889767399542,-9999,1.19064265912818,-0.1602398593057,0.219764354277731,0.146351709732656,0.982875310752805,0.178084043057867,0.0990267643424698,0.0266070167176831,0.371794871794872,0.125014451117427,0.292914275260563,0.459002696401704,0.190774192994604,1,0,0,0,0,0,0,0
"13","bird",0,-0.225411037332058,0.0502175702693167,0.0500927643784787,0.182960893854749,0.632900511503915,0.517017828200972,-9999,0.297385620915033,0.03298852389593,0.443873819240632,-9999,1.16520131417419,0.186554057424234,0.14194309095465,0.156019494163538,0.981437577504949,0.156830687374093,0.0830121052135287,0.0272844878278255,0.307941653160454,0.109511083425013,0.193320995363511,-0.334591534206297,-0.453572178813611,1,0,0,0,0,0,0,0
"14","bird",0,-0.0170872000069454,0.047345599437478,0.0948121645796064,0.216255442670537,-9999,0.386039886039886,0.673762001592801,0.225396825396825,0.0499211189442535,-1.35509420243468,-9999,1.16595911871711,0.0022277449021364,0.382906160396038,0.137353587151703,0.94877030056988,0.17909553971526,0.116482610869925,0.0271885620532052,0.333333333333333,0.143558471992232,-0.284077788026504,0.117016885523138,0.30337917883015,1,0,0,0,0,0,0,0
"15","yinpterochiroptera",0,-0.566755569031096,0.0566348842210911,0.0890052356020942,0.196236559139785,-0.0165597160390184,0.516765285996055,0.95985127773039,0.361003861003861,0.041604905757591,-0.475675571775813,2.71380549089286,1.17042695284954,-9999,0.402023277483613,0.164136426982691,0.91286280469518,0.194071664052177,0.0854930075628546,0.0313284106387555,0.285996055226824,0.111115540986737,0.0850755072003897,-0.575898755115728,0.243614385643038,0,0,0,0,0,0,0,1
"16","rodent",0,0.545516507092106,0.0576164965126857,0.152758132956153,0.133192389006343,0.663646516163248,0.443465491923642,0.319252190841268,0.248041775456919,0.0427254464271778,-0.229969752824738,-9999,0.955329886071476,0.190898242525909,0.147780982527168,0.154091773999658,0.875456536027219,0.0982918740209938,0.0910542300907068,0.0371980188011725,0.229074889867841,0.108564658954304,0.376385278884194,0.197949649684409,0.446600308519071,0,0,0,0,1,0,0,0
"17","rodent",0,0.652873599920679,0.0569377990430622,0.155704697986577,0.131901840490798,0.440137521259675,0.444915254237288,-0.919620660036986,0.235294117647059,0.0498655935502505,-0.270020009654712,-9999,0.951330738187482,-0.158060894802204,0.537129787246984,0.151001445257801,0.878866966432803,0.100433519404026,0.0929419748330961,0.0370334928229665,0.214689265536723,0.106988620903589,0.0801419806636763,0.252999152878415,-0.514739523087127,0,0,0,0,1,0,0,0
"18","rodent",0,0.640470431818826,0.0576168929110106,0.154609929078014,0.131914893617021,0.601797401971717,0.434402332361516,-0.0823578406937451,0.241645244215938,0.0456551934394394,-0.285871883974062,-9999,0.950843170091239,-0.29991861845055,0.237630365517294,0.153271006546689,0.879915544464714,0.0996960346534697,0.0913103868788788,0.0377073906485671,0.224489795918367,0.10761581310725,0.22553823287525,0.0521815400986721,0.397042074654477,0,0,0,0,1,0,0,0
"19","rodent",0,0.676864089154443,0.0573140289565651,0.15177304964539,0.136075949367089,0.607708749234775,0.434782608695652,-0.718582546914443,0.239690721649484,0.046641057961572,-0.196757776810547,-9999,0.959743849404541,-0.0486099618577606,0.236396444967932,0.152749464824148,0.876117464249356,0.0991122481683405,0.0918828841842969,0.0375436844732901,0.215942028985507,0.107041228021808,0.224271888320393,0.143319398990685,0.471790851578886,0,0,0,0,1,0,0,0
"20","rodent",0,0.565266514868418,0.0569340257741874,0.153949129852744,0.134888438133874,0.488519866251692,0.455840455840456,-0.229425408351191,0.241293532338308,0.0469236249695752,-0.212878692237747,-9999,0.956145252842108,0.234861560575289,0.451178826706407,0.151797926776576,0.875519714362159,0.0992434668106515,0.0924395411900631,0.0365454895172148,0.216524216524216,0.107924337430023,0.23358908165672,0.332232183528228,-0.455540532550579,0,0,0,0,1,0,0,0
"21","rodent",0,0.39217767395139,0.0566809505259057,0.147339699863574,0.139201637666325,0.851769282720605,0.443019943019943,-0.870031641667265,0.255754475703325,0.0455318023720656,0.169534248220263,-9999,0.947651093064626,0.023616153348806,0.116309185877354,0.155041624487444,0.877669700081644,0.0950330439252857,0.0917640940113938,0.0373977405531749,0.222222222222222,0.102271433020332,0.171360274199813,0.317949275599024,-0.535366732682108,0,0,0,0,1,0,0,0
"22","rodent",0,0.581719912219882,0.0576123339081043,0.158045977011494,0.136797454931071,0.817325586851412,0.444933920704846,-0.0617872054533,0.22879177377892,0.0474019912047872,0.0714503968004477,-9999,0.934878937744712,0.42236737454986,0.563211221856063,0.151779774793654,0.863211027076303,0.0943369677179017,0.0941034603720653,0.037123440511208,0.237885462555066,0.102276217476339,0.34241913220403,0.273719004796591,-0.504799207570441,0,0,0,0,1,0,0,0
"23","rodent",0,0.544348315804634,0.0576164965126857,0.152974504249292,0.134249471458774,0.655924470069337,0.443465491923642,0.323256829907276,0.248041775456919,0.0424835536479832,-0.229969752824738,-9999,0.955496647814519,0.198125189357011,0.140058936433258,0.154061238503675,0.874690662549442,0.0980389699568844,0.0908027602695905,0.0371980188011725,0.229074889867841,0.108076293071518,0.379077070549906,0.0210481603597939,0.446600308519071,0,0,0,0,1,0,0,0
"24","rodent",0,0.654137975635559,0.0570334928229665,0.154155495978552,0.132517838939857,0.440137521259675,0.447592067988669,-0.90962121546967,0.236453201970443,0.0493112329469967,-0.268340748134992,-9999,0.952512683898126,-0.155898731797709,0.535964096634473,0.150738129150772,0.879392042881346,0.100258383574699,0.0925462002227995,0.0370334928229665,0.213881019830028,0.106802054297524,0.0818427790643551,0.247000721916658,-0.519653537889556,0,0,0,0,1,0,0,0
"25","rodent",0,0.511971568067542,0.0570294345468629,0.156123822341857,0.12846865364851,0.579004052422528,0.454022988505747,0.162961243705131,0.243781094527363,0.0460835839469745,-0.296347095016053,-9999,0.944719662672539,0.0722153731770464,0.493125178385198,0.152357971416528,0.878233105646773,0.098515416702971,0.0916969272414288,0.0365995352439969,0.225574712643678,0.107920229753374,0.230072426048785,0.29943564116718,-0.541394208422957,0,0,0,0,1,0,0,0
"26","rodent",0,0.545516507092106,0.0576164965126857,0.151558073654391,0.134249471458774,0.655924470069337,0.442815249266862,0.329697990288558,0.248041775456919,0.0429659806666974,-0.229913039369456,-9999,0.957148028255063,0.203240290023782,0.13713067665417,0.153883593800835,0.87472173306369,0.0987750533805053,0.090835687387746,0.0371980188011725,0.228739002932551,0.108115483960222,0.379077070549906,0.201975836566666,0.451795125396175,0,0,0,0,1,0,0,0
"27","rodent",0,0.549010328910446,0.0576164965126857,0.151343705799151,0.134249471458774,0.663646516163248,0.443631039531479,0.331113418691889,0.248041775456919,0.0429670818334578,-0.221197766751902,-9999,0.954491323808032,0.200548498358071,0.141933012644745,0.153887537653526,0.873651492956397,0.0985440681180391,0.0915385656451927,0.0371980188011725,0.228404099560761,0.108118254830929,0.376385278884194,0.153615234524602,0.446600308519071,0,0,0,0,1,0,0,0
"28","carnivore",0,-0.853364188674183,0.063349746454031,0.1001100110011,0.190045248868778,-0.280722221516721,0.475917431192661,-9999,0.414117647058823,0.0511477725992797,-0.676817344444203,-9999,1.1985947819785,0.178692767807557,0.278564927464295,0.16647616370054,0.890827169112102,0.172623732522569,0.0809020056978991,0.0301315499375322,0.342889908256881,0.0961479763765305,0.138514020249035,-9999,-0.947047011722155,0,0,1,0,0,0,0,0
"29","carnivore",0,-0.812516868122523,0.062852897473997,0.0958605664488017,0.189825360668185,-0.0575878748729613,0.488940628637951,-9999,0.419902912621359,0.0499227826202291,-0.897827950732924,-9999,1.18844377968436,0.209822040451937,0.113249723739312,0.164523850112972,0.892315716495731,0.169688275901271,0.07918786208726,0.0302377414561664,0.335273573923166,0.095910764639849,0.0529962581419905,-9999,-0.981679012213666,0,0,1,0,0,0,0,0
"30","carnivore",0,-0.694689694581069,0.0656301390342353,0.0959206174200662,0.186915887850467,0.151605501563508,0.502369668246445,-9999,0.4064039408867,0.047186113470311,-0.223224849752191,-9999,1.19320367613725,-0.0395217460274529,0.47945895042541,0.17768520853664,0.890069318754063,0.172278466368167,0.077414717412229,0.0308715802063089,0.325829383886256,0.0936349439176484,0.352045134830724,-9999,-9999,0,0,1,0,0,0,0,0
"31","carnivore",0,-1.15257729198319,0.0650613221657194,0.0903010033444816,0.189628482972136,0.284286483450643,0.49592549476135,-0.0887007704166511,0.414634146341463,0.049375307541826,0.171595990591407,-9999,1.22322962739793,-0.242458678219222,0.635979332115803,0.173182048840733,0.891446239542568,0.173673345433189,0.0763966201269049,0.0310349985043374,0.339930151338766,0.098504966787424,0.348318894749663,-9999,-1.06717612213422,0,0,1,0,0,0,0,0
"32","carnivore",0,-0.65161006111776,0.064437504760454,0.0978384527872582,0.174152876280536,-0.848861438539738,0.471830985915493,-9999,0.407228915662651,0.0498196931482239,-0.0507206441280375,-9999,1.18754822778563,-0.282047090659532,0.758578108255217,0.171207777976384,0.895845167670725,0.164885481891584,0.0778906877647358,0.0306954071140224,0.320422535211268,0.0928113065248638,0.278997822281719,-9999,-0.63923237255522,0,0,1,0,0,0,0,0
"33","carnivore",0,-0.661147935614329,0.0645871559633028,0.0867678958785249,0.19,0.211309093667207,0.493039443155453,-9999,0.425178147268409,0.0436462649357212,0.0702542920135385,-9999,1.18147362429396,0.0634668785853648,0.564742543681768,0.173845292540584,0.887414947157952,0.169160100259349,0.0769357890392373,0.0300917431192661,0.322505800464037,0.0949367909618793,0.374355859065321,-9999,-1.3818482200173,0,0,1,0,0,0,0,0
"34","carnivore",0,-0.84661024106409,0.0631888317413666,0.102762430939227,0.174772036474164,-0.330178949645424,0.490173410404624,-9999,0.443127962085308,0.0522916538802043,0.168150456880184,-9999,1.19418245762332,-0.078693657480625,0.671538791313658,0.170934510089536,0.886977758650366,0.170687851344818,0.0809040682674859,0.0302718589272594,0.322543352601156,0.0947169579716908,0.479917105244574,-9999,0.434748897390634,0,0,1,0,0,0,0,0
"35","carnivore",0,-0.843304707186549,0.0633107311320755,0.102678571428571,0.173252279635258,-0.335210406800791,0.489461358313817,-0.00390414400812722,0.444180522565321,0.0525724645373638,0.176666508426925,-9999,1.19503795924092,-0.0743674570308048,0.665343866894993,0.170612526423143,0.889256479766111,0.170116559776564,0.080098613422493,0.0298496462264151,0.325526932084309,0.0929937462335445,0.483759832871835,-9999,0.427008055636956,0,0,1,0,0,0,0,0
"36","carnivore",0,-0.868778563928115,0.0640611225389362,0.108602150537634,0.190332326283988,-0.305279248240356,0.485057471264368,-9999,0.401891252955083,0.0445776651992618,-0.23110755365426,-9999,1.1777405227706,0.416134987022817,0.360452427976339,0.175108950036879,0.876536926814939,0.168212957630364,0.0829981943212775,0.0304143402879812,0.32183908045977,0.100730746223746,0.365220817485974,-9999,-0.140577411715523,0,0,1,0,0,0,0,0
"37","rodent",0,0.614856520233375,0.0571524966261808,0.140726933830382,0.129096989966555,0.661340773845891,0.466995073891626,-0.536395263970783,0.247689463955638,0.0426353728261333,0.213381560158194,-9999,0.952708847027801,-0.724226578881382,0.0665052760940276,0.1530679778512,0.87265891923546,0.0971527348005333,0.0901633294192,0.0376518218623482,0.232512315270936,0.108102803231289,0.299994892206145,0.0558668692223087,-0.344337396288167,0,0,0,0,1,0,0,0
"38","carnivore",0,-0.420738733119578,0.0626070205479452,0.0938967136150235,0.177829099307159,-0.0790992478016806,0.482935153583618,-9999,0.423841059602649,0.0396653482841037,0.155005746146992,-9999,1.18654406146172,0.0314115998968942,0.479377587846611,0.174279624023281,0.882436134326659,0.178246158851691,0.0798265134217588,0.0316780821917808,0.324232081911263,0.0909823926266629,0.287454160895384,-0.877999954335829,-0.345576050870684,0,0,1,0,0,0,0,0
"39","bird",0,-0.033496785169098,0.0639322613221471,0.0676779463243874,0.2152,-9999,0.43658810325477,-9999,0.320665083135392,0.0403229130685279,0.582420658000333,-9999,1.13356200982497,-0.161000214915358,-0.485563985176786,0.147936292531669,0.895336077786082,0.137662938883637,0.0906623459438877,0.0332478831663171,0.389450056116723,0.106842877939539,0.156822985566107,-0.247067176483927,0.646315947633301,1,0,0,0,0,0,0,0
"40","bird",0,0.209962887926762,0.0628008073280547,0.0633213859020311,0.223916532905297,-9999,0.44206974128234,0.19301417170319,0.334090909090909,0.0389341406735364,0.330988418886479,-9999,1.1203261856625,-0.136316873488894,-0.0735559921876189,0.146969934992819,0.911696368184438,0.135367045388123,0.085087857101106,0.0333799099518708,0.371203599550056,0.103910322459836,0.194393624834922,-0.268625820665304,-0.0132291623242587,1,0,0,0,0,0,0,0
"41","bird",0,0.160801781811499,0.0641731977962288,0.0722748815165877,0.228198859005705,-9999,0.447309417040359,-9999,0.346987951807229,0.0378711174741829,0.17208034946977,-9999,1.09987175198104,-0.0582351435764405,-0.40123532166194,0.149938709999826,0.905554880633023,0.13679975087613,0.087850687474125,0.0335221541087918,0.36322869955157,0.102277779845242,0.200597705540271,-0.123482055947201,0.218867109568797,1,0,0,0,0,0,0,0
"42","bird",0,0.359030458966098,0.0639801226803323,0.0674556213017752,0.233387358184765,-0.148470639311555,0.447694038245219,-9999,0.335714285714286,0.0426233667051471,0.0491113785662321,-9999,1.14167596544841,-0.0878917658635673,0.404010466928937,0.143532903543236,0.917316619775448,0.142249067196696,0.0875576388340673,0.0330771022594922,0.371203599550056,0.106815184032176,0.148768982322075,-0.314739565706507,0.299753385333786,1,0,0,0,0,0,0,0
"43","carnivore",0,-0.471061722292377,0.0654906284454245,0.10571736785329,0.190821256038647,-0.326380976338223,0.555555555555556,0.467957920273988,0.492682926829268,0.0370297382038242,0.449224717650059,-9999,1.17186749530419,0.552407759172574,-0.313247976736068,0.179098080201502,0.872050667605135,0.176677835874455,0.0818042582541998,0.030356486585814,0.308132875143184,0.0910011866969796,0.298564214932296,-1.22109446486886,-0.234583085718846,0,0,0,0,0,1,0,0
"44","yinpterochiroptera",0,0.123770582383216,0.054699779943414,0.0805471124620061,0.165195460277427,-0.0158314652166806,0.515105740181269,1.52817724455868,0.350828729281768,0.0505836459883077,-0.208488543697887,-9999,1.22331700000629,-0.831747692889768,0.386057420930715,0.154004664766382,0.913618087317443,0.1825518709182,0.0808837507634821,0.0304935554856963,0.25226586102719,0.117694621853983,0.353970016525886,-0.468431292820932,0.19841436835858,0,0,0,0,0,0,0,1
"45","carnivore",0,-1.10955423774915,0.0644379132990448,0.0918918918918919,0.162861491628615,-0.200957253047859,0.497727272727273,-9999,0.40855106888361,0.0464957747844774,-0.44873788698266,-9999,1.17893152527466,0.112963405716768,0.537474271622522,0.173190610837419,0.883864549699917,0.164826291564021,0.0831511739531925,0.030051432770022,0.323863636363636,0.0944676059113192,0.399014143209662,-9999,0.191409066978446,0,0,1,0,0,0,0,0
"46","carnivore",0,-1.10771091925486,0.0644379132990448,0.0916936353829558,0.161216730038023,-0.21067678254908,0.497162315550511,-9999,0.410926365795725,0.046995809248187,-0.295768915074652,-9999,1.18104356402521,0.123950967000614,0.5277547421213,0.172728052838886,0.884046557239066,0.165592563476596,0.0831653587742786,0.030051432770022,0.323496027241771,0.0942376698536944,0.382741745645302,-9999,0.187247272634851,0,0,1,0,0,0,0,0
"47","rodent",0,0.342455172761403,0.05809701235079,0.144508670520231,0.121584699453552,0.559849569350865,0.443037974683544,0.123813212600043,0.242718446601942,0.0422326643051008,-0.223831071932793,-9999,0.943047632117192,-0.636352854155805,-0.0568115166503911,0.154149224713618,0.864020146396727,0.100419890681017,0.0952581205992829,0.038363347823087,0.233690360272639,0.107927919890813,0.261981523052061,0.0375710014786114,-0.87184331713886,0,0,0,0,1,0,0,0
"48","human",0,0.142761687025041,0.0559447558046437,0.0340050377833753,0.197558268590455,0.360165348878501,0.647859922178988,-9999,0.329073482428115,0.0230528636902963,-0.290489270926622,-9999,1.09171770624564,0.0778424346229616,-0.239458962451215,0.148045913607408,0.909815427876826,0.0793103108611113,0.0477976806789631,0.0356285028022418,0.229571984435798,0.0558344588462223,0.172503600879756,-0.0282924649053225,0.405023056124209,0,0,0,1,0,0,0,0
"49","carnivore",0,-0.314741936896061,0.0594250148192057,0.0692549842602309,0.150705270972532,-1.05504597164489,0.472941176470588,0.517776309715861,0.27212389380531,0.0475487019078387,0.436056113233984,-9999,1.30856225279823,-1.32248063277122,0.764186363851931,0.153212483925258,0.873457324087167,0.168821906268741,0.0682011683930616,0.0351956135151156,0.325882352941177,0.088133200000893,0.43041689827718,-9999,-0.347307870765306,0,0,1,0,0,0,0,0
"50","carnivore",0,-0.818158742195698,0.0604615966704502,0.0632368703108253,0.153201219512195,-1.25765295378956,0.487272727272727,-0.0944773788432895,0.265734265734266,0.0520221545928478,-0.124383467305277,-9999,1.28344139774722,-0.0220152040771095,1.19707252171339,0.152437011132531,0.890131363613654,0.16864856628472,0.0696854908034426,0.0358683314415437,0.301818181818182,0.0871068635043032,0.371045543728286,-1.4685844654936,-9999,0,0,1,0,0,0,0,0
"51","carnivore",0,-0.60847487805765,0.0649116209101166,0.0939890710382514,0.165109034267913,-0.0948341026708388,0.467136150234742,-9999,0.424242424242424,0.0473407414944815,-0.416094234841606,-9999,1.17513607749492,-0.0684496656636037,0.674602270606028,0.174075851537,0.886676352031386,0.163966630697032,0.0803806339958384,0.0306130124106807,0.31924882629108,0.0939417839031117,0.379306949296172,-9999,0.0191651321855258,0,0,1,0,0,0,0,0
"52","carnivore",0,-0.650215896084481,0.0646678424456202,0.0978494623655914,0.17687074829932,0.00783921071033017,0.484633569739953,-9999,0.430288461538462,0.0479816240015922,-1.40654433856441,-9999,1.20193332636286,-0.589802078248798,0.378092437189006,0.172241727185203,0.877495776371152,0.169042952251763,0.078739075284664,0.0304232804232804,0.340425531914894,0.096701426833978,0.405312150866037,-1.34460804190467,0.389536289017734,0,0,1,0,0,0,0,0
"53","carnivore",0.149842874408068,-1.13855262268429,0.0659240042728521,0.0926339285714286,0.159650516282764,-0.189379371711002,0.493506493506494,-9999,0.409429280397022,0.0457814937201058,-0.45423490695062,-9999,1.17636723565508,-0.00527781535879048,0.541920309675435,0.173767326992888,0.88409974413675,0.164661615534745,0.0837219581290333,0.0307492751411567,0.32939787485242,0.0951040974517116,0.425403278013859,-9999,0.276137391855172,0,0,1,0,0,0,0,0
"54","carnivore",0,-0.763715390722073,0.0652255217293739,0.0821309655937847,0.200462606013878,-0.147936073827071,0.491666666666667,-9999,0.394673123486683,0.0469001962988741,-0.670981909430925,2.6174147917974,1.2117156216851,0.0895396689310574,0.687444883430159,0.172867739237735,0.889921614605056,0.170657782344071,0.075629635916509,0.0308923629291645,0.322619047619048,0.0945370448956363,0.312854375188062,-9999,-0.126448779360316,0,0,1,0,0,0,0,0
"55","carnivore",0,-0.589725954524939,0.0650848453683979,0.0962389380530973,0.19517709118312,-0.352142072918745,0.48943661971831,-9999,0.410194174757282,0.0481463629831965,-0.621224921167875,-9999,1.19085389844852,-0.0517766817154573,0.408467387134814,0.170723072823069,0.890112446073893,0.170231783404873,0.0805714645841248,0.0298244325277309,0.325117370892019,0.0911341870753363,0.254295968768377,-9999,0.0848497533858265,0,0,1,0,0,0,0,0
"56","carnivore",0,-0.926708609525926,0.0642862390713394,0.0906148867313916,0.161977186311787,-0.346092834608195,0.497706422018349,-9999,0.407142857142857,0.0465472118445376,-0.244433667188684,-9999,1.18624431654621,0.00285979602666884,0.484741299748343,0.174121051714752,0.883855931598298,0.167471450022675,0.0817654726581296,0.0301226948791419,0.322247706422018,0.0918630159683202,0.400964443480841,-9999,0.354682496044689,0,0,1,0,0,0,0,0
"57","carnivore",0,-1.03504317885029,0.064364437913299,0.102990033222591,0.195230998509687,-0.278610632827082,0.493039443155453,-9999,0.408450704225352,0.0503726299355589,-0.601262370885335,-9999,1.20272180353946,0.159751130392475,0.599601590472569,0.168809740320629,0.887180091756899,0.167335419444466,0.0793676071667586,0.0301249081557678,0.319025522041763,0.0906707338840059,0.240720856352365,-9999,0.171465207828142,0,0,1,0,0,0,0,0
"58","carnivore",0,-0.541409047138071,0.0643549808992066,0.093048128342246,0.164110429447853,-0.102278849120418,0.472190692395006,-9999,0.424096385542169,0.0467650546204808,-0.761542772344849,-9999,1.1698709977685,-0.10207061658517,0.735483384600788,0.17450749329432,0.876460678280625,0.165400614236648,0.0817157796526296,0.0301939465177784,0.318955732122588,0.0945146367066559,0.386391041498317,-9999,0.0225296885649836,0,0,1,0,0,0,0,0
"59","carnivore",0,-1.00100196693661,0.0639611821790913,0.103559870550162,0.178843226788432,-0.370779550120274,0.49290780141844,-9999,0.414519906323185,0.0446453265045199,-0.461869928655689,-9999,1.1819122777278,-0.4566640783564,0.325618344395282,0.173648120768961,0.892098723168918,0.169208254044755,0.0811508973479947,0.0302896632848111,0.322695035460993,0.0922505641585107,0.347078986441507,-9999,0.465341083610368,0,0,1,0,0,0,0,0
"60","carnivore",0,-1.02740979899486,0.0659587197128328,0.109375,0.201687116564417,-0.672585910811554,0.494649227110583,-9999,0.401459854014599,0.0478319452541226,-0.53844610642771,-9999,1.18958340345215,0.0332490401870282,0.687321695135142,0.166062702241236,0.892057649408605,0.165817410214292,0.0814369529454806,0.030735865988633,0.319857312722949,0.0914939260501936,0.216243136847787,-9999,0.168565936520243,0,0,1,0,0,0,0,0
"61","swine",0,-0.373384851836534,0.0604099244875944,0.110764430577223,0.194011976047904,0.285932290727993,0.532883642495784,-9999,0.463722397476341,0.041933713959553,0.224725903764259,-9999,1.18603408223878,0.00690803645031802,0.514486844471748,0.172945554022535,0.896191444662389,0.166742341898341,0.0818824000393639,0.0314994606256742,0.33389544688027,0.0910631539831714,0.324344131787959,-0.158681602713132,-9999,0,0,0,0,0,1,0,0
"62","bird",0,0.277563315743473,0.0608369342733682,0.0870307167235495,0.240694789081886,-9999,0.407783417935702,0.201379331932153,0.306451612903226,0.0381552132782071,-0.175937179013017,-9999,1.11172965617128,-0.405658784049551,-0.0186960481003382,0.149784992666475,0.907374259260616,0.133543246473725,0.0879116738369502,0.0325221742096884,0.387478849407783,0.109567335427284,0.311977397784022,-0.26428607963316,0.181538453361254,1,0,0,0,0,0,0,0
"63","rodent",0,0.62661387949161,0.0564244303626803,0.136871508379888,0.132075471698113,0.793737536553467,0.475538160469667,-0.532902881144287,0.247723132969035,0.0428863453232901,-0.18508998918628,-9999,0.950994562102213,-0.857530580301273,0.0162304554042224,0.153365300123505,0.87203658070837,0.0962611990136891,0.0904342499208508,0.0376836996090063,0.228962818003914,0.106050473489658,0.258877663043403,0.187115540707691,-0.253961617067688,0,0,0,0,1,0,0,0
"64","human",0.234265329693038,0.0782009959079783,0.0593102073365231,0.0977653631284916,0.169230769230769,0.558448926659502,0.536891679748823,0.280428941219341,0.3125,0.0290542179343025,0.401342478057712,-9999,1.04207760138418,0.0456299449762821,-9999,0.148846993417273,0.893785700764431,0.108618076277469,0.0826927741207071,0.0345893141945774,0.273155416012559,0.0967728951196383,-0.0477078850935011,-0.582013885816378,-0.806224325178916,0,0,0,1,0,0,0,0
"65","carnivore",0,-0.94244590826591,0.064424514200299,0.12144420131291,0.179801071155318,-0.318218187600781,0.48284023668639,-9999,0.431279620853081,0.0523892908523672,-0.233410464026829,-9999,1.20428282009945,0.118373098557541,0.801423966923957,0.170449664604181,0.891869922085379,0.170449664604181,0.0784609567225593,0.0307174887892377,0.337278106508876,0.097645767457229,0.195559274373401,-9999,-1.1703668436646,0,0,1,0,0,0,0,0
"66","carnivore",0,-0.513774014323274,0.0646916121443799,0.09,0.182307692307692,-0.95194294049314,0.476135040745052,-9999,0.397129186602871,0.0463439159372112,-0.10893827486689,-9999,1.20724471521933,-1.29586736023188,0.771025697858813,0.175268745911474,0.893415499575538,0.178966398778805,0.0771576898316335,0.0301404102036315,0.342258440046566,0.096385484741753,0.193765431954448,-9999,-0.154890621047137,0,0,1,0,0,0,0,0
"67","swine",0,-0.773885528742654,0.0536105032822757,0.109985528219971,0.128348214285714,-9999,0.480327868852459,-9999,0.191950464396285,0.0578623979058278,-0.506764912090674,-9999,1.20955228156512,-0.341112847540869,0.398020635029659,0.155683581809402,0.922749531121293,0.136742079355925,0.0851070247224732,0.0330415754923414,0.277049180327869,0.104307999812299,0.278688930982119,-0.277315063195107,-9999,0,0,0,0,0,1,0,0
"68","swine",0,-0.431506592399517,0.0493428912783751,0.0854870775347912,0.190546528803545,-0.336472236621213,0.428351309707242,-9999,0.22257053291536,0.0560928119753436,0.0858977269830175,-9999,1.17980603026298,-0.0239809093894484,0.159816417362936,0.155219791868279,0.978199642962838,0.172433459035316,0.104469152462016,0.0248506571087216,0.326656394453005,0.133851101591957,0.0981228483575956,-0.0209924625947143,-9999,0,0,0,0,0,1,0,0
"69","bird",0,-0.310969166958031,0.0512548603746907,0.0743362831858407,0.215714285714286,1.03047448350089,0.443535188216039,0.0857869984113108,0.236065573770492,0.044174277581864,0.106005968465364,-9999,1.15523613478781,-1.10600745262295,-0.137871143181893,0.140682412681096,0.998007509002921,0.175853015851369,0.0998845130035778,0.0259219983504183,0.332242225859247,0.117047767350672,0.0617151645014955,-0.9331358234462,1.17300695648405,1,0,0,0,0,0,0,0
"70","bird",0,-1.24014738407432,0.0504679540338822,0.0754352030947776,0.179604261796043,-0.0279287755250103,0.409295352323838,-0.344218574237687,0.211920529801325,0.0608261097169598,0.319798883253264,-9999,1.178518618208,-1.00287032034467,0.360853113439089,0.155121131479137,0.983496385311488,0.183933499239802,0.0983694980111599,0.0255893851439403,0.28335832083958,0.133875648180868,0.573755899860023,-0.693147180559945,-0.208374929357199,0,0,0,0,0,1,0,0
"71","bird",0,0.365145337865429,0.0456098998232174,0.101083032490975,0.156118143459916,0.431306339292052,0.348870056497175,0.681258388877959,0.116719242902208,0.0624128761799403,0.101308198452878,-9999,1.06665193710243,-1.11720339209129,0.421023472336468,0.136961589394869,0.99667606889144,0.139273177401533,0.110667275819061,0.026163818503241,0.220338983050847,0.140140022904033,-0.270454577389807,-0.483390877914711,-9999,1,0,0,0,0,0,0,0
"72","bird",0,-0.458045828053946,0.0586846144763254,0.0684684684684685,0.308259587020649,-9999,0.366120218579235,-9999,0.362869198312236,0.0394956517198707,-1.0868508756384,2.47786804795676,1.2190676977235,-0.0827549415032561,0.601211132620678,0.135610944017178,0.955822369128409,0.225926175572407,0.0966676790346485,0.0256228598417759,0.449908925318761,0.131191850118452,0.567105520134167,-0.241454754023719,-0.592555492791198,1,0,0,0,0,0,0,0
"73","bird",0.284459148700704,0.152907671587661,0.0521053869677723,0.0374331550802139,0.23841059602649,-9999,0.516637478108581,0.457991147803269,0.336842105263158,0.030441733018116,0.546239472204472,-9999,1.158528125867,-0.0949269491653878,0.109792799545173,0.141801234998916,0.981412208999152,0.123328046586214,0.081177954714976,0.0268172194777699,0.346760070052539,0.101732629146012,0.268363592104519,0.415105449095496,-0.139683031347302,1,0,0,0,0,0,0,0
"74","carnivore",0,-0.081487356372736,0.0658348623853211,0.111592632719393,0.188755020080321,0.199174361201213,0.546285714285714,-9999,0.489208633093525,0.0371268678239104,-0.882825321806027,-9999,1.17648571151422,0.399433618681835,-0.0381271317030105,0.181083303708879,0.866863214040308,0.17557415558017,0.0783257146994754,0.0305321100917431,0.316571428571429,0.0886254264183667,0.333409795974903,-0.502902471640095,0.154384722899203,0,0,1,0,0,0,0,0
"75","carnivore",0,-0.214342614419167,0.0642484763932741,0.104033970276008,0.198863636363636,0.108981711459347,0.527210884353742,-9999,0.508235294117647,0.0381733816078674,0.167735447025906,-9999,1.17530558957963,0.28614964950499,-0.31358630454848,0.176853894537715,0.871958698440062,0.179269931348339,0.0792460073884842,0.0309126954989353,0.321995464852608,0.0935006245711689,0.380541634785627,-9999,0.297397753210927,0,0,1,0,0,0,0,0
"76","carnivore",0,-0.705010960710506,0.0596999042247526,0.100156494522692,0.213793103448276,-0.296586850794741,0.505922165820643,-9999,0.456591639871383,0.0482891214556252,-0.0120500238578312,-9999,1.21799163733588,0.267225426544029,0.281991008711917,0.172461148055804,0.880347333643106,0.175417624879618,0.0778538896937632,0.0314994147068213,0.319796954314721,0.0916507815382275,0.212606046011424,-9999,-0.621286420286531,0,0,1,0,0,0,0,0
"77","camelid",0,-0.00772358834231324,0.0600434985241572,0.0809061488673139,0.112612612612613,0.416469345699178,0.530337078651685,0.0748029820310093,0.367541766109785,0.0459037230542367,-0.145955890560721,-9999,1.26072929531123,-0.594682370885057,0.871323115281182,0.163723278893444,0.848114682435521,0.143321624202672,0.0632451295413928,0.0330899487338822,0.314606741573034,0.0861969910685112,0.555912750237551,0.0191292991931406,0.0359254457596837,0,1,0,0,0,0,0,0
"78","human",0,-0.105666977106397,0.0561091522305687,0.0407149950347567,0.112537764350453,-0.930327874240475,0.602666666666667,0.912303925832111,0.248157248157248,0.0273399031164149,0.0370109752366915,-9999,1.31213260654823,-0.483728208586293,-0.41676627065561,0.15343342179988,0.90166091020385,0.109830990105598,0.0513801627532625,0.0334968572742603,0.266666666666667,0.0593935826322117,0.0864140386420279,-1.18169001305509,1.03374291049238,0,0,0,1,0,0,0,0
"79","human",0,-0.0576544148421192,0.0561091522305687,0.0377358490566038,0.111027190332326,-0.92097946148506,0.601070950468541,0.988289832810033,0.246943765281174,0.0270735427974681,0.0370109752366915,-9999,1.31327162310189,-0.485980017663395,-0.407417857900195,0.153730638667362,0.905817810578532,0.110412970191413,0.0506157539257013,0.0334202054269508,0.269076305220884,0.0593263720431475,0.0990216574476238,-1.17903874236265,1.03864488109259,0,0,0,1,0,0,0,0
"80","human",0,-0.247788719333849,0.0556789461591483,0.0386904761904762,0.116157855547282,0.207639364778245,0.602921646746348,-9999,0.243243243243243,0.0277735140778049,-0.112912683693404,-9999,1.31286851711429,-0.369156230428653,-0.341018283820871,0.151812852374442,0.907470939492774,0.107563524860651,0.0501335465980715,0.0336218120548365,0.270916334661355,0.0586068220794357,0.109296487354282,-1.19048125966518,1.08720025763005,0,0,0,1,0,0,0,0
"81","human",0,-0.245994949064073,0.0559852952439305,0.0388059701492537,0.116504854368932,0.193846042645909,0.600529100529101,-9999,0.234567901234568,0.0280000046505202,-0.111960856642536,-9999,1.31854879969482,-0.36877081543396,-0.356269096089758,0.152000025245681,0.907992729291577,0.107764723780994,0.0503529495395909,0.0336218120548365,0.26984126984127,0.058588245025038,0.102285556302939,-1.18650511128555,1.12351709782805,0,0,0,1,0,0,0,0
"82","human",0,-0.142477000329876,0.0557555334303439,0.0398803589232303,0.117205108940646,0.173306685697739,0.603973509933775,-9999,0.237163814180929,0.0277885107360036,-0.0807969603045186,-9999,1.32136424435887,-0.452634621761489,-0.42526968662576,0.15236581734063,0.90828608138201,0.109741067821845,0.0506316085444134,0.033545224783641,0.264900662251656,0.0600514426922113,0.108129133418409,-0.589025405792086,1.0936231960291,0,0,0,1,0,0,0,0
"83","human",0,-0.152869509941303,0.0558321207015394,0.0407960199004975,0.113122171945701,0.170716010673647,0.594953519256308,-9999,0.241463414634146,0.0270644063028964,-0.0342847440218654,-9999,1.31690315038048,-0.473301918878376,-0.447178071095326,0.152737388613737,0.910185942326972,0.108728310538592,0.0510693579802479,0.033545224783641,0.270916334661355,0.059541693866372,0.115861245706943,-0.557717829270036,1.05733096419424,0,0,0,1,0,0,0,0
"84","swine",0,-0.619759887252595,0.0535069482437903,0.10932944606414,0.12682379349046,-0.787399718806135,0.48772504091653,-9999,0.186335403726708,0.0570236485330791,-0.551676845128731,-9999,1.21316491122414,0.0697106034847469,0.408057669384384,0.156815033465968,0.92798786212852,0.136079161272121,0.0839802823850802,0.032935769777875,0.271685761047463,0.102642567359542,0.240366611038838,-0.272395231361686,-9999,0,0,0,0,0,1,0,0
"85","human",0,0.0493269137530366,0.0599644540607372,0.0832420591456736,0.108843537414966,-0.309617149318037,0.53757225433526,-9999,0.369158878504673,0.0480785461791177,0.162368162282897,-9999,1.27101762992813,-0.192290214011635,0.474442019938159,0.16738456817915,0.842191773971209,0.150595234592792,0.0595258190789076,0.0334595471756433,0.287861271676301,0.0816572133518347,0.395173729184449,-0.311223948432713,0.150011247150698,0,0,0,1,0,0,0,0
"86","human",0,0.0117903669082554,0.0601236476043277,0.0765027322404372,0.109848484848485,-0.283993887214849,0.540945790080738,-9999,0.369158878504673,0.0476624807249826,0.130918742685175,-9999,1.26810972525669,-0.20375237684592,0.496722109008431,0.16847539978189,0.848064499713756,0.149869190728822,0.058112543343829,0.0333075734157651,0.286043829296425,0.0810517051900773,0.376216715488175,-0.317479841442973,0.150541777765437,0,0,0,1,0,0,0,0
"87","human",0,-0.176887598747385,0.0548326103881659,0.0386266094420601,0.103139013452915,-0.0375379193190652,0.593320235756385,-9999,0.234113712374582,0.0262912058531372,-0.104298628884722,-9999,1.30468044554942,-0.17203496130082,-0.233958400492522,0.153521862749569,0.924826333514521,0.110094424510012,0.0495307538840352,0.0329218106995885,0.273084479371316,0.0589204702601556,0.129881670191109,-0.853100061346112,0.902161028227415,0,0,0,1,0,0,0,0
"88","carnivore",0,-0.698749845868993,0.0641859074945827,0.0993449781659389,0.203125,-0.524865420433473,0.508215962441315,-9999,0.441527446300716,0.0473781375933916,-0.0971781205028867,-9999,1.19220937148384,0.0281601315610682,0.398099789747945,0.171196260066843,0.87429944117016,0.175836386944546,0.0776610709005079,0.0312336546364791,0.313380281690141,0.0906045827172592,0.186604432713915,-9999,-1.07960489004207,0,0,1,0,0,0,0,0
"89","carnivore",0,-0.101364748336943,0.0669314945285564,0.105779716466739,0.181893004115226,0.154150679827258,0.550758459743291,-9999,0.485074626865672,0.0363162379041698,-0.916886684397634,-9999,1.17726294073924,0.460273822757369,0.267255426044758,0.181581189520849,0.871673656779066,0.17701159667198,0.0784045930911215,0.0310298306101034,0.310385064177363,0.0865817592417292,0.362245314360692,-0.42849512490844,0.192940652785857,0,0,1,0,0,0,0,0
"90","carnivore",0,-0.103864749639027,0.0669314945285564,0.10589519650655,0.182565789473684,0.154150679827258,0.550758459743291,-9999,0.485074626865672,0.0363748124159113,-0.916886684397634,-9999,1.17678099946475,0.464068893725921,0.267255426044758,0.181392276484644,0.871091376447216,0.177297098927885,0.0785310519707753,0.0310298306101034,0.310385064177363,0.0869622998817481,0.362245314360692,-0.42849512490844,0.192940652785857,0,0,1,0,0,0,0,0
"91","carnivore",0,-0.710673612476678,0.0608640807316304,0.0993788819875776,0.214123006833713,-0.294761748039843,0.505016722408027,-9999,0.456521739130435,0.0474655348207116,-0.224707755596527,-9999,1.21331579013812,0.10511892276649,0.285797213740823,0.171849577350884,0.878881894618727,0.175500772337093,0.0776487467067026,0.0311153158835278,0.317725752508361,0.0903062226588924,0.210717202557888,-9999,-0.626695019528537,0,0,1,0,0,0,0,0
"92","carnivore",0,-0.491773540863311,0.0607589614212131,0.0992248062015504,0.214367160775371,-0.298264181782318,0.503333333333333,-9999,0.456521739130435,0.0474993075137054,-0.218358345880822,-9999,1.211168248081,0.111711626339844,0.28056617109773,0.171728265626473,0.880202684608485,0.174407713742631,0.0777039953685744,0.0312204351939451,0.315,0.0901268911798512,0.207325449771972,-9999,-0.629061884538803,0,0,1,0,0,0,0,0
"93","carnivore",0,-0.49254891999696,0.0609299839657937,0.0987460815047022,0.215935334872979,-0.300238291227194,0.505902192242833,-9999,0.449044585987261,0.0472201718023376,-0.20476285844378,-9999,1.21813371016793,0.101416455695097,0.285707963006905,0.172085883836354,0.874991993090618,0.17549352510044,0.0774021372842441,0.0312132549438803,0.315345699831366,0.0893288817085459,0.204239920084935,-9999,-0.621000632035114,0,0,1,0,0,0,0,0
"94","yinpterochiroptera",0,-0.313483685668699,0.0568406205923836,0.083594566353187,0.212334801762115,-0.0226306965910809,0.526934378060725,0.827972841389988,0.366990291262136,0.039121484729904,-0.461443431309634,2.25836526673761,1.18153522470762,-9999,0.583057178640278,0.161190421260554,0.922819602436144,0.191398149976049,0.085671099471815,0.0314527503526093,0.289911851126347,0.10820309384157,0.040854480080727,-0.756079554396312,0.0487550149041046,0,0,0,0,0,0,0,1
"95","yinpterochiroptera",0,-0.400693953007253,0.056558533145275,0.0839454354669465,0.206927175843694,-0.148610499451643,0.538461538461538,0.850520125169949,0.363288718929254,0.0400233632362134,-0.443348665103729,2.35299932027316,1.18884008579065,-9999,0.465453574314467,0.160587568540363,0.923790566939382,0.190975677664154,0.0832584778432341,0.031311706629055,0.282051282051282,0.106234853034394,0.0230603676918264,-0.817675206912929,0.288584485472188,0,0,0,0,0,0,0,1
"96","swine",0,-0.33188309682154,0.060504745470233,0.110764430577223,0.193045563549161,0.29099559268454,0.533783783783784,-9999,0.463722397476341,0.0424542536591662,0.241447932854432,-9999,1.18400978499686,0.0307467769267913,0.521334268221796,0.172796260507483,0.896790193248774,0.165596416319672,0.0816809909582788,0.0314926660914582,0.334459459459459,0.0908669990599697,0.321666754017242,-0.154178258045983,-9999,0,0,0,0,0,1,0,0
"97","rodent",0,0.399202780346003,0.0577870789171674,0.145299145299145,0.133783783783784,0.803575049373372,0.451766953199618,0.200826817393697,0.241758241758242,0.0427151062106406,-0.619770973977162,-9999,0.954659908284152,-0.0919898876047903,-0.0541819418039689,0.154054481415425,0.872204899772662,0.0982680858725667,0.0907987776827279,0.0380746641463579,0.222540592168099,0.10807155287173,0.341376877413584,-0.224397429062853,0.150904524078813,0,0,0,0,1,0,0,0
"98","rodent",0,0.404490417701883,0.0578545871869304,0.146110056925996,0.133964817320704,0.792936651168316,0.450381679389313,0.189659497576001,0.241758241758242,0.0427378918772405,-0.615709073494759,-9999,0.954619501513073,-0.0747958952177679,-0.0655777259625713,0.154136659229392,0.874004662078193,0.0985540457497021,0.0913142935737761,0.038142172416121,0.222328244274809,0.107895661460574,0.271056788576799,-0.0399877252596098,0.147300916575514,0,0,0,0,1,0,0,0
"99","rodent",0,0.401129069999179,0.0577870789171674,0.146110056925996,0.133693450371371,0.792936651168316,0.450905624404195,0.187988594010755,0.241316270566728,0.0425118286048736,-0.615580282341109,-9999,0.954257080765676,-0.0779455041206644,-0.0648203400090246,0.153930192585779,0.873357969786547,0.0983378013332517,0.0917975200094249,0.038142172416121,0.222116301239276,0.108615386270694,0.271056788576799,0.0579202815856084,0.147524317204317,0,0,0,0,1,0,0,0
"100","rodent",0,0.146938962193524,0.0541545613015689,0.116504854368932,0.13202614379085,-0.504164483399208,0.530508474576271,0.412764004926637,0.267741935483871,0.0485901104003917,-0.0752994413760498,-9999,1.06712438900801,-0.449261491081537,0.0196202850092874,0.164054238722972,0.904624249260344,0.107198800264782,0.0909186086357845,0.0367228355607205,0.232203389830509,0.108701587184382,0.0895261094161549,-0.985355951499003,1.25319316854502,0,0,0,0,0.36813737778892,0,0,0.63186262221108
"101","yinpterochiroptera",0,-0.422940640883058,0.0561703319792688,0.0874089490114464,0.20862676056338,-0.146105899856445,0.536945812807882,0.803505439572284,0.364326375711575,0.0403073568047789,-0.443643486773853,2.36755084152525,1.19342033687776,-9999,0.444427676499471,0.158558457792293,0.927168125518376,0.190852906316604,0.0842569446461342,0.0313069057290937,0.282758620689655,0.107081592475346,0.0206436852820628,-0.821440345250833,0.285977495485577,0,0,0,0,0,0,0,1
"102","bird",0,0.147769213626995,0.0603066439522998,0.0673400673400673,0.22671568627451,-9999,0.406143344709898,-9999,0.371875,0.0402304162544341,0.133664023896518,-9999,1.12420349227461,-0.187795477966583,-0.0515340730297962,0.144158991578389,0.879509410218449,0.13178040196164,0.0853606908988314,0.0328222600795003,0.375426621160409,0.103928575323955,0.146328824425274,0.0187660421319077,0.277829232625158,1,0,0,0,0,0,0,0
"103","human",0,0.0890717076614432,0.0560960463672118,0.029143897996357,0.201578192252511,0.335538093629416,0.654855643044619,-9999,0.355140186915888,0.0234367748510669,-0.140557259537509,-9999,1.11465252788913,-0.0284307494140998,-0.563382474463203,0.149910902200518,0.882012501188508,0.079389435531542,0.0470846918179092,0.0357413923963293,0.232283464566929,0.0555303764489243,0.128933037969923,-0.226943016193035,0.207448652467187,0,0,0,1,0,0,0,0
"104","yangochiroptera",0,-0.273541339689306,0.0502780700435894,0.0783316378433367,0.0997715156130998,0.247503963342172,0.476923076923077,0.945647406691104,0.194444444444444,0.0469724689385509,-0.0852861397104907,-9999,1.26860559144981,-0.805482318929266,-0.832846838982544,0.16224544676613,0.887253400491948,0.131776818265448,0.0761715712517042,0.0344205621524125,0.305641025641026,0.10816363117742,0.17737254047569,0.200115734493375,0.824708129197169,0,0,0,0,0,0.589280935336032,0.410719064663968,0
"105","human",0,0.016690164656097,0.0601114033730466,0.0851528384279476,0.112291350531108,-0.307776519511535,0.543153049482163,-9999,0.368298368298368,0.0473099178297295,0.107393322637437,-9999,1.27368292873477,-0.344531140169623,0.477570479929089,0.16878132847363,0.842774656591382,0.149857361341738,0.060607840679167,0.0334983753674764,0.281933256616801,0.0818333713811537,0.37657402910126,-0.999073772754264,0.161593140983046,0,0,0,1,0,0,0,0
"106","human",0,0.0531700016305744,0.0605100463678516,0.0850599781897492,0.11085801063022,-0.306424254261522,0.541905855338691,-9999,0.370023419203747,0.0477845423007936,0.0379855077498796,-9999,1.2689267789916,-0.204074787067922,0.48069791377417,0.168906858079276,0.842671772194143,0.149741934696604,0.060561157889241,0.0333848531684699,0.283582089552239,0.0815148074542949,0.380929089040598,-0.996774921167153,0.159379657307671,0,0,0,1,0,0,0,0
"107","human",0.215819399315382,0.0389803974810806,0.0608255877528704,0.0939278937381404,0.166666666666667,0.484694344655739,0.542155816435432,0.734620285024905,0.302713987473904,0.0287297623303548,0.597012240297023,-9999,1.0435250626323,-0.00899603823881937,-9999,0.149484544625127,0.881509646801654,0.109981121420889,0.0823736154315641,0.034513395297977,0.279615795090715,0.0962895940603297,-0.0759072256764928,-0.402448217413057,-1.27525711800517,0,0,0,1,0,0,0,0
"108","human",0.217014426696939,0.0736599084341529,0.0604444444444445,0.0901246404602109,0.172537742631201,0.423742379299957,0.540598290598291,0.577545551466418,0.295454545454546,0.0293873110273274,0.592143970271075,-9999,1.05199727730898,0.0242709377408096,-9999,0.150301514414575,0.887262615912697,0.109249011223729,0.0818806757631642,0.0343247863247863,0.286324786324786,0.0962378353490341,0.00924237322997799,-0.239377674076093,-1.33091352801687,0,0,0,1,0,0,0,0
"109","human",0.21533452587474,0.104748413687347,0.0604444444444445,0.0909090909090909,0.175879396984925,0.416522131326469,0.544480171489818,0.56887915153402,0.295454545454546,0.0293809257671465,0.596972770504408,-9999,1.05783376426459,0.0230565306215286,-9999,0.150268856977009,0.888103567722257,0.109449555529523,0.0816386028949721,0.0341880341880342,0.286173633440514,0.0962169248405028,0.0374585356403908,-0.246532727997358,-1.3328056761689,0,0,0,1,0,0,0,0
"110","human",0.216102134448871,0.0436600056880019,0.0609789444900191,0.0889101338432122,0.168231046931408,0.454157620795658,0.542066027689031,0.318603178881482,0.30398322851153,0.0289237333726054,0.603918923256658,-9999,1.04597503107854,0.00304039117770384,-9999,0.149327181598102,0.884063173865661,0.110313773793193,0.0813900404205872,0.0345228329231611,0.282215122470714,0.0955155846258131,-0.0621510998486294,-0.400115672280431,-1.282651500158,0,0,0,1,0,0,0,0
"111","human",0.213533330516463,0.037161395336212,0.0609789444900191,0.0923809523809524,0.166305133767173,0.4466669490665,0.543223052294557,0.789190480615476,0.304166666666667,0.0291754726079928,0.59865033892663,-9999,1.04487745008651,-0.0314027726037635,-9999,0.149468190437871,0.879980652283612,0.110417942485634,0.0819157500147489,0.0345228329231611,0.28068303094984,0.0958302061816377,-0.0622120626764079,-0.404191504458843,-1.27814515499826,0,0,0,1,0,0,0,0
"112","human",0,-0.0737932748187559,0.0560661764705882,0.0388446215139442,0.113943028485757,0.238411023444998,0.598143236074271,-9999,0.233415233415233,0.0268836164210722,-0.0905572513361473,-9999,1.31590494753623,-0.504327442897424,-0.310337061079136,0.151161387069362,0.910543066868778,0.108713571667669,0.0504657360886794,0.033624387254902,0.26657824933687,0.0601344051523984,0.0950723959487283,-0.579325317021447,0.948524892819652,0,0,0,1,0,0,0,0
"113","human",0,-0.14115512307196,0.0559087079727349,0.04004004004004,0.116679132385939,0.228114922192734,0.602921646746348,-9999,0.233415233415233,0.0280807078083996,-0.106554984490982,-9999,1.31746157236601,-0.466793545869673,-0.326823377018362,0.152202155768216,0.911818849538256,0.109491163219306,0.0502621072536901,0.0336218120548365,0.269588313413015,0.059229055965616,0.102238566891609,-0.579185105535559,1.12713045715324,0,0,0,1,0,0,0,0
"114","human",0,-0.0736672512521823,0.0560661764705882,0.0388446215139442,0.114285714285714,0.224226388453042,0.598143236074271,-9999,0.233415233415233,0.0268888161900039,-0.0905572513361473,-9999,1.31642069900544,-0.499157650772064,-0.324521696071092,0.151190624366601,0.910838791828162,0.108734598803437,0.0507113638671127,0.033624387254902,0.26657824933687,0.0603819030231667,0.0982520488661078,-0.587357488718711,0.948524892819652,0,0,0,1,0,0,0,0
"115","human",0,-0.0736672512521823,0.0560661764705882,0.0388446215139442,0.112528132033008,0.210240146478302,0.599206349206349,-9999,0.233415233415233,0.0268927243577217,-0.0905572513361473,-9999,1.3151837720078,-0.512807443036289,-0.338507938045832,0.150976698148613,0.909690844633824,0.108750402885173,0.0507187345342996,0.033624387254902,0.265873015873016,0.0603906792594451,0.101441844234208,-0.58913326652749,0.948524892819652,0,0,0,1,0,0,0,0
"116","human",0,-0.0723760954885623,0.0560661764705882,0.0388059701492537,0.114028507126782,0.224226388453042,0.597350993377483,-9999,0.233415233415233,0.02689250586234,-0.0905572513361473,-9999,1.31608513277073,-0.515997238404389,-0.324521696071092,0.151211370682104,0.910379352344006,0.108749519320515,0.0509542216339073,0.033624387254902,0.266225165562914,0.0606260877773804,0.0996796008572934,-0.586032107477642,0.948524892819652,0,0,0,1,0,0,0,0
"117","human",0,-0.108776430910524,0.0561091522305687,0.0397614314115308,0.111027190332326,-0.92097946148506,0.599201065246338,0.936002996363604,0.248157248157248,0.0274086921480134,0.0370109752366915,-9999,1.31160074656376,-0.485980017663395,-0.407417857900195,0.15358318876042,0.904901802233034,0.109871050420916,0.0505643113765075,0.0334202054269508,0.267643142476698,0.0595430208732705,0.100453296919061,-1.17592297075344,1.03374291049238,0,0,0,1,0,0,0,0
"118","human",0,-0.0732856614143374,0.0560661764705882,0.0388446215139442,0.113857677902622,0.224226388453042,0.598143236074271,-9999,0.233415233415233,0.0268867191701093,-0.0905572513361473,-9999,1.31477891233127,-0.503338841532465,-0.324521696071092,0.151414681642194,0.909854608900668,0.108490270335529,0.050707408961171,0.0337775735294118,0.263925729442971,0.0596696486845407,0.0905649295219849,-0.571228106788827,0.948524892819652,0,0,0,1,0,0,0,0
"119","carnivore",0,-0.819527110116951,0.0636886333480761,0.106109324758842,0.186363636363636,-0.171718997492199,0.487179487179487,-9999,0.405660377358491,0.0503161875135979,-0.689707194428185,-9999,1.20183110507516,-0.56036575859767,0.576264007118749,0.171420344715444,0.88307688516945,0.17191364067146,0.0774474650944595,0.030296329057939,0.333333333333333,0.0952061195110235,0.298680084811657,-1.26017027594531,0.799730481805976,0,0,1,0,0,0,0,0
"120","yinpterochiroptera",0,0.304155920228151,0.0550747442958301,0.11544227886057,0.206666666666667,0.0798428875110172,0.460471567267684,-0.154620604647936,0.328,0.0607437393909881,-0.712797797519129,-9999,1.19963611642362,-0.868484290408312,0.684194569287831,0.156097283783818,0.865018193952281,0.194474142391303,0.0951181035424776,0.0340283241542093,0.310679611650485,0.118191306877039,0.466374966472247,-0.84495387978147,0.420432374857871,0,0,0,0,0,0,0,1
"121","human",0,0.0883989848090481,0.0560921760728577,0.0290909090909091,0.201722900215362,0.326949461140089,0.655307994757536,-9999,0.355140186915888,0.0234619902558968,-0.140557259537509,-9999,1.11535590791832,-0.0284226273777972,-0.57197110695253,0.149649451361936,0.882073346416543,0.079897588439,0.0471353497933783,0.0357389264523251,0.231979030144168,0.0555901210567646,0.13010058042596,-0.227633543265898,0.207448652467187,0,0,0,1,0,0,0,0
"122","human",0,0.0924681307740713,0.0561867812110295,0.0291173794358508,0.204775687409551,0.273695830477041,0.654855643044619,-9999,0.355140186915888,0.023294209947123,-0.151750131227219,-9999,1.11281398326881,-0.0209226859713971,-0.584202681108237,0.148235881481692,0.886063841007689,0.0789885482752443,0.0472237165291675,0.0358874878758487,0.232283464566929,0.0556943383281213,0.0529094818024632,-0.226943016193035,0.212672477730056,0,0,0,1,0,0,0,0
"123","human",0,0.0977946245505125,0.0564213162654793,0.0291173794358508,0.204379562043796,0.304368991236796,0.656167979002625,-9999,0.355140186915888,0.0222999639298527,-0.164224305452394,-9999,1.09870752629527,-0.021823825260592,-0.553529520348482,0.146330239501605,0.890541171211217,0.0787932058854795,0.04736087577483,0.0360372895505774,0.232283464566929,0.0558561001290596,0.137905712685474,-0.228945018863708,0.218055920904886,0,0,0,1,0,0,0,0
"124","human",0,0.0869067742412109,0.0558001926517132,0.0290909090909091,0.2,0.323104902294265,0.656167979002625,-9999,0.355140186915888,0.0238313050937571,-0.131299520755928,-9999,1.11923674421762,-0.0244220566781132,-0.534793609291012,0.15036920824645,0.880274110570384,0.0799297754914509,0.0470299206717508,0.0356405669464703,0.232283464566929,0.0556766773871848,0.129101686358217,-0.228945018863708,0.20405127337937,0,0,0,1,0,0,0,0
"125","human",0,0.140894001537292,0.0569655557105006,0.029038112522686,0.206465833945628,0.312848169899483,0.661861074705111,-9999,0.353629976580796,0.0220832552934679,-0.14298542479565,-9999,1.09394363606698,-0.0218511558790854,-9999,0.145876888332812,0.894184623309809,0.0777160715135505,0.0473515954850321,0.0362571468414447,0.226736566186107,0.0562698331997019,0.138319143502883,-0.92840276491942,0.294852307321035,0,0,0,1,0,0,0,0
"126","human",0,0.0869067742412109,0.0558001926517132,0.0291173794358508,0.2,0.323104902294265,0.656167979002625,-9999,0.355140186915888,0.0238296162382552,-0.131299520755928,-9999,1.11943851756253,-0.0244220566781132,-0.534793609291012,0.150358552016601,0.880274110570384,0.0799241110999885,0.0470265877976186,0.0356405669464703,0.232283464566929,0.0554618501828416,0.129101686358217,-0.228945018863708,0.20405127337937,0,0,0,1,0,0,0,0
"127","camelid",0,0.190950867387432,0.0573714508732559,0.0953678474114442,0.177777777777778,0.820660500858905,0.520865533230294,0.20655038612039,0.286931818181818,0.0298499612820089,0.218310341327792,-9999,1.05224189861684,0.00785258982080467,-1.11499314802922,0.1483653631128,0.918071387850109,0.108565414736788,0.0798210075763348,0.0345399551175724,0.281298299845441,0.0930876570350054,-0.168544005056144,-0.59325844309027,-0.907191708437821,0,1,0,0,0,0,0,0
"128","camelid",0,0.199596951983656,0.0573714508732559,0.0956284153005464,0.176033934252386,0.544787779665805,0.520801232665639,0.209652791777979,0.28125,0.0302962371995959,0.214948993625087,-9999,1.05285166654557,0.00534720643952689,-1.09974145257957,0.148606360570281,0.919702775659853,0.109243366252557,0.0793894098879921,0.0345399551175724,0.283513097072419,0.0935423966089712,-0.202869982845587,-0.631755828277778,-0.887191041731152,0,1,0,0,0,0,0,0
"129","camelid",0,0.199596951983656,0.0573714508732559,0.0956284153005464,0.176033934252386,0.544787779665805,0.520801232665639,0.209652791777979,0.28125,0.0302962371995959,0.214948993625087,-9999,1.05285166654557,0.00534720643952689,-1.09974145257957,0.148606360570281,0.919702775659853,0.109243366252557,0.0793894098879921,0.0345399551175724,0.283513097072419,0.0935423966089712,-0.202869982845587,-0.631755828277778,-0.887191041731152,0,1,0,0,0,0,0,0
"130","human",0.240313745935846,0.0124299214573848,0.059767513630285,0.0981507823613087,0.172335600907029,0.668011207288403,0.542536115569823,0.920567288641415,0.311728395061728,0.0279108660382554,0.401260061786335,-9999,1.03907725178153,0.097366981070602,-9999,0.149155668108437,0.884778493568551,0.111643464153021,0.0826161634732359,0.0350786956074478,0.268057784911718,0.0973531007414347,-0.116987775001355,-0.612558939588239,-0.879842672001361,0,0,0,1,0,0,0,0
"131","human",0.241847269640698,0.0639330251513151,0.0596646435551898,0.0991501416430595,0.169125993189557,0.715126087278721,0.541800643086817,0.913331254898257,0.311728395061728,0.0288044330969377,0.405268083183874,-9999,1.03910518786479,0.135831321233216,-9999,0.149381129781793,0.890271530013157,0.110082058269692,0.0821707858889385,0.0348729554572575,0.271704180064309,0.0971312278850224,-0.110088674442635,-0.608308042479491,-0.883727455991819,0,0,0,1,0,0,0,0
"132","human",0.241295290171292,0.0658318493053583,0.0596892044869816,0.1,0.170621468926554,0.711296499065623,0.539708265802269,0.623383893010234,0.31055900621118,0.027206942856441,0.401476609447612,-9999,1.03186399087907,-0.00499024848515193,-9999,0.148077131612105,0.885724506778688,0.108827771425764,0.0822898517543175,0.035093135741484,0.270664505672609,0.0956703154542066,-0.0416310196891069,-0.598169057927769,-0.801846597483286,0,0,0,1,0,0,0,0
"133","human",0.241607319741931,0.100668873530967,0.0598950293300401,0.1,0.170454545454545,0.696763821030134,0.537842190016103,0.652371429883487,0.314641744548287,0.0281119579081483,0.404918953638585,-9999,1.03172670163536,-0.000351116202001928,-9999,0.148368666737449,0.887556826216293,0.10932428075391,0.0821047659539568,0.0351960481630133,0.268921095008052,0.0961607449080309,-0.0795871212933755,-0.594705502895935,-0.814907350750847,0,0,0,1,0,0,0,0
"134","human",0.240888061379694,0.0890611902412096,0.0598950293300401,0.100143061516452,0.170648464163823,0.696763821030134,0.537842190016103,0.654356648240793,0.314641744548287,0.0280994558957739,0.407763905770816,-9999,1.03312231087118,-0.00229853648639741,-9999,0.148079672339634,0.888122779861227,0.109275661816899,0.0820682521400381,0.0351960481630133,0.268921095008052,0.0958949685331967,-0.0795871212933755,-0.544770676094142,-0.816813001377213,0,0,0,1,0,0,0,0
"135","bird",0,0.0430368435552898,0.0610852007735184,0.0691399662731872,0.231722428748451,-9999,0.40893470790378,-9999,0.347962382445141,0.0393327812304548,0.242527662048673,-9999,1.12563965527909,-0.0553832796390756,0.215752669547768,0.146980393019068,0.918462071142722,0.135594587926041,0.0856523064952666,0.0323057672619725,0.38659793814433,0.11049406306187,0.301732697038586,-0.15092382965716,0.449302850984956,1,0,0,0,0,0,0,0
"136","swine",0,-0.408789316887416,0.0492234169653524,0.086105675146771,0.189069423929099,-0.326861249603727,0.434108527131783,-9999,0.226415094339623,0.0531300302342944,0.0893732054986995,-9999,1.17621251769466,0.0506535670263083,0.305090369929298,0.153750590286953,0.975247330157115,0.173934065459757,0.103588718166306,0.0248506571087216,0.324031007751938,0.136238457416431,-0.0104307696006595,-0.0526830553078804,-9999,0,0,0,0,0,1,0,0
"137","yangochiroptera",0,-0.00647422514413758,0.0572077430518006,0.0808823529411765,0.144694533762058,0.140614094109725,0.602310231023102,1.44149891546699,0.325732899022801,0.0411360380117238,0.370221134767268,-9999,1.20158461016982,-0.603565763773612,0.742871689370742,0.171730568326052,0.844601903933415,0.134063834724955,0.0735988149968793,0.0334162431058722,0.264026402640264,0.0916887594237217,0.0150358124242329,0.0315589357717481,-9999,0,0,0,0,0,0,1,0
"138","yangochiroptera",0,-0.174425676334373,0.056775170325511,0.0709117221418234,0.137931034482759,0.30268523904383,0.591133004926108,1.13964134718071,0.311688311688312,0.037068260747656,0.383437295655182,-9999,1.19889902565774,-0.580757021835206,0.760814672870027,0.176444921158843,0.840883807872729,0.138388173457916,0.0724066693270881,0.0334162431058722,0.249589490968801,0.09267065186914,0.158652350395396,-0.421348154281167,-9999,0,0,0,0,0,0,1,0
"139","yangochiroptera",0,-0.177267052272076,0.0517314189189189,0.0822122571001495,0.0897043832823649,0.207395194346071,0.5,-0.160170660365866,0.138810198300283,0.0461731773084314,0.0960274805772106,-9999,1.18279621369268,-1.30579167525011,0.599729416625958,0.164445647526285,0.844049798295551,0.107902023977457,0.0740746160028311,0.0331503378378378,0.226224783861671,0.0960500854170043,0.248818651030997,-1.4393812588049,0.449767234416633,0,0,0,0,0,0,1,0
"140","yangochiroptera",0,-0.263585304409819,0.0523709167544784,0.0971168437025797,0.0754912099276112,0.218587734778349,0.517751479289941,0.210717069661909,0.154494382022472,0.0549878381838528,0.607238387794211,-9999,1.20237840054871,-1.49451276836076,0.270463640871689,0.16521120751635,0.856812340967095,0.105517203001447,0.0703448020009648,0.0339304531085353,0.235207100591716,0.0968479492337227,0.185446553600849,-0.507352014893985,0.413197231030945,0,0,0,0,0,0,1,0
"141","yangochiroptera",0,-0.3592816221141,0.0525705857564265,0.0958083832335329,0.0747950819672131,-0.772014799966655,0.513081395348837,-0.307735176067497,0.148876404494382,0.0498390380195073,0.480692569692656,-9999,1.18607205621555,-1.51308787739865,0.600913799832247,0.167865814622918,0.857254285967281,0.107612649256051,0.0686836494099678,0.0337126000842815,0.232558139534884,0.0934791907132052,0.33990443142813,-0.316662338108701,0.344233033790222,0,0,0,0,0,0,1,0
"142","yangochiroptera",0,-0.389555930004767,0.0524095750289993,0.0903614457831325,0.0777891504605936,-0.0846092619743851,0.51878612716763,-0.255822324720096,0.146814404432133,0.0524095478509511,0.610301073890471,-9999,1.18476695437088,-1.53755048656416,0.633715702028478,0.167412489343796,0.85269571736731,0.104819095701902,0.0700449881230721,0.0334282400084361,0.234104046242775,0.0926481580493116,0.210922500064367,-0.334339197709316,0.60011427999963,0,0,0,0,0,0,1,0
"143","yangochiroptera",0,-0.494272113775289,0.0519653564290473,0.119808306709265,0.129032258064516,0.38993081514598,0.475903614457831,0.857906748636142,0.259259259259259,0.0562622612167527,-0.305486697085288,-9999,1.26741493668373,-0.407656857349145,0.144808357112995,0.161818521939926,0.856794734009633,0.156398762831891,0.0880065645638196,0.034754608039085,0.325301204819277,0.119750867910887,0.203693862573199,-0.661177515413283,-0.018240259578318,0,0,0,0.468388233924741,0,0,0.531611766075259,0
"144","yinpterochiroptera",0,0.0195767791111187,0.0568428261613971,0.0769230769230769,0.114713216957606,0.711690758272114,0.580034423407917,0.98312661206041,0.242718446601942,0.0389123775054364,0.235471949236364,-9999,1.27438088596482,-9999,0.875563609513736,0.171521664004226,0.905003042370212,0.126465226892668,0.0714246929211629,0.0332153863714188,0.249569707401033,0.0911368841574695,0.164276785883901,-0.651492438089593,0.784778411443867,0,0,0,0,0,0.249886126050682,0,0.750113873949318
"145","yangochiroptera",0,-0.171174655163428,0.0497299729972997,0.0783410138248848,0.0815450643776824,0.512872707387716,0.506711409395973,0.247500923173333,0.158357771260997,0.0612487399790115,0.393712137669715,-9999,1.31672791754865,-1.34798338391098,0.30569300706252,0.155812694172548,0.869944206240667,0.139923899701005,0.0697056789719294,0.0344284428442844,0.26510067114094,0.0984080173721357,0.132018679510649,-0.0612248185738801,0.241467952508843,0,0,0,0,0,0,1,0
"146","yangochiroptera",0,-0.20573371893826,0.0604154969118473,0.0835866261398176,0.173766816143498,0.052742920154815,0.525773195876289,0.883091128132734,0.327526132404181,0.0529332956120636,-0.746064504011129,-9999,1.20384395507495,-0.557511538346306,0.603296313621755,0.154410296468361,0.868733793795768,0.151828184487285,0.0712662906777051,0.0313307130825379,0.314432989690722,0.106899436016558,0.244688857305747,-0.051438997953903,-9999,0,0,0,0,0,0,0,1
"147","yinpterochiroptera",0,-0.0102722252425518,0.0578279266572638,0.09375,0.198998748435544,0.61386637768517,0.492753623188406,0.842005287021435,0.316216216216216,0.0465217374514887,-0.787746508202096,2.89883353106453,1.18192973081638,-1.12531022497068,0.0917803491008003,0.160919452496133,0.923470985708315,0.18990020697411,0.0871964805784735,0.0301229095305259,0.285507246376812,0.106008549274704,0.350826580817494,-0.316597059216595,-0.65470851025183,0,0,0,0,0,0,0,1
"148","yinpterochiroptera",0,-0.123967950546886,0.057027530531981,0.0858895705521472,0.195679796696315,0.368723282454907,0.48955223880597,0.365549243705217,0.340599455040872,0.0456695820190647,-0.882725287400029,2.77129958698816,1.17638542043347,-9999,0.364841792266667,0.157585151142707,0.922714951932097,0.18819882700164,0.0840621427273992,0.031359966880563,0.285074626865672,0.110159046738293,0.125284556995586,-0.276267234817309,-0.696970823787962,0,0,0,0,0,0,0,1
"149","yinpterochiroptera",0,-0.132542074908678,0.056935817805383,0.0871559633027523,0.198221092757306,0.365679507031814,0.48948948948949,0.3440395768486,0.342391304347826,0.0458945184708988,-0.872360463395681,2.75340138989978,1.17881510159818,-9999,0.359981485917176,0.156241994575792,0.923074436120761,0.188092288815159,0.0835129762339306,0.0314699792960662,0.283783783783784,0.109595106949633,0.129098711428048,-0.283011928932257,-0.708397615609526,0,0,0,0,0,0,0,1
"150","yinpterochiroptera",0,-0.631681050699771,0.0558890498861519,0.106481481481481,0.198959687906372,0.103880130487392,0.502177068214804,1.23574570583292,0.368563685636856,0.0468836968729131,-0.489875012685622,-9999,1.17818354402976,-9999,0.406487853155849,0.165589227253267,0.91466342857246,0.197011279412773,0.0892785291516111,0.0308424756779135,0.291727140783745,0.115962335350556,0.0949060947910051,-0.0788472119019319,0.16079049395015,0,0,0,0,0,0,0,1
"151","yinpterochiroptera",0,-0.193614072675153,0.0555498086272887,0.0900621118012422,0.217447916666667,-0.231767673758307,0.528138528138528,1.07089317822727,0.372654155495979,0.04140308427296,-0.23777114998854,2.87693357540821,1.17198000497805,-0.13930349802628,0.478281317604241,0.158291059994792,0.9297153758919,0.193130240663502,0.0860881203480448,0.0308265232233371,0.278499278499279,0.109314240793852,-0.112176437290357,-0.195873927744888,0.27695135083145,0,0,0,0,0,0,0,1
"152","yinpterochiroptera",0,-0.126654146307472,0.0549393593863377,0.0932721712538226,0.203655352480418,-0.25791947210883,0.53041018387553,1.09966789149234,0.377659574468085,0.041969041293774,-0.516199565515538,2.74857109321323,1.17280182013348,-0.57712632160361,0.788931609116625,0.161808351975996,0.907242834103105,0.192653069071421,0.0877304658369855,0.0309940914273867,0.275813295615276,0.111748893083422,0.0150783930215446,-0.156622868972647,0.0413852161628543,0,0,0,0,0,0,0,1
"153","yangochiroptera",0,0.144548192935089,0.0523366356449515,0.110215053763441,0.161947904869762,-0.946847130897295,0.430872483221476,0.798988084747591,0.25,0.0626561506210505,0.0305528429815009,-9999,1.07474688192063,0.358173421218519,0.612253967375211,0.150921759630864,0.90851227122981,0.146446320300789,0.0929896838582257,0.0307215050535375,0.300671140939597,0.118101871210313,0.0528293884446927,-1.51536689743375,0.317282542228072,0,0,0,0,0,0,1,0
"154","yangochiroptera",0,-0.180515860656203,0.0526888098062475,0.0994550408719346,0.158134243458476,0.314577757273842,0.482456140350877,-0.292526947638563,0.202564102564103,0.0555363913410336,-0.198502347980086,-9999,1.08810228631475,0.629618878259503,0.680175494153043,0.155059570514125,0.898289725516229,0.125325484884633,0.103209222846169,0.0310399367338869,0.265664160401002,0.112547200151298,0.366665644986591,-0.228371807832882,1.4261421714423,0,0,0,0,0,0,1,0
"155","yangochiroptera",0,0.181377310189611,0.0534435817283453,0.0811170212765957,0.22945205479452,-0.490364551894651,0.536273115220484,-9999,0.252747252747253,0.0420388275976017,-0.0139903905863034,-9999,1.11529438352115,-0.203353967540113,0.796671819168478,0.15101098405172,0.900193661983825,0.12682104414919,0.0885398771189713,0.0311586165170919,0.305832147937411,0.0979340285374298,0.225818295889957,-0.0319387317933935,0.920147211864461,0,0.219773485215849,0,0,0,0,0.780226514784151,0
"156","swine",0,-0.667451220247224,0.0505126281570393,0.0829875518672199,0.188434695912263,-0.318310556946911,0.450733752620545,-9999,0.211494252873563,0.0531314672784818,-0.031452614882246,-9999,1.17427723883021,-0.287803203818897,0.277972950180393,0.154051572723643,0.961813687177776,0.17393876997313,0.102997872321973,0.0238392931566225,0.313417190775681,0.136242142350967,-0.0190730567829824,-0.0433194224160358,-9999,0,0,0,0,0,1,0,0
"157","swine",0,-0.623342512271112,0.0492234169653524,0.086105675146771,0.188790560471976,-0.326861249603727,0.429457364341085,-9999,0.225,0.0534444773475295,0.0950389430343768,-9999,1.17516802217738,0.0446595430860978,0.305090369929298,0.153504415492627,0.97430193309979,0.173694551379471,0.103325989538557,0.0248506571087216,0.325581395348837,0.1362834172362,0.094929746057167,-0.0421238103307746,-9999,0,0,0,0,0,1,0,0
"158","swine",0,-0.636427257789465,0.0493428912783751,0.086105675146771,0.189069423929099,-0.324339563295796,0.431888544891641,-9999,0.226415094339623,0.0537270604982801,0.0945176764161261,-9999,1.17654395677264,0.0464973854149488,0.305480483312875,0.154057151373521,0.97566992321655,0.173945068795537,0.103595271347512,0.0248506571087216,0.323529411764706,0.136247076070224,0.0927675830526715,-0.0475560469731671,-9999,0,0,0,0,0,1,0,0
"159","swine",0,-0.419787199767123,0.0493428912783751,0.086105675146771,0.190546528803545,-0.326861249603727,0.433229813664596,-9999,0.226415094339623,0.0534186767671197,0.0893497062576837,-9999,1.17813237986823,0.0486595484194439,0.307514613540805,0.154320621771679,0.974861361097806,0.174501010772591,0.102979337989947,0.0248506571087216,0.326086956521739,0.136217625756155,0.094929746057167,-0.0533705305230116,-9999,0,0,0,0,0,1,0,0
"160","swine",0,-0.634929130168443,0.0492234169653524,0.0859375,0.188790560471976,-0.322177400291301,0.430340557275542,-9999,0.226415094339623,0.0528305428929659,0.0950389430343768,-9999,1.17489045418861,0.0426535243592323,0.309774219241725,0.153742815834586,0.974687375459031,0.17392527042291,0.103286679363776,0.0249701314217443,0.323529411764706,0.136231568471187,0.0884974810481217,-0.0439653788424385,-9999,0,0,0,0,0,1,0,0
"161","swine",0,-0.630434740580604,0.0492234169653524,0.086105675146771,0.189069423929099,-0.317471509253888,0.434108527131783,-9999,0.226415094339623,0.0534268695801005,0.0893732054986995,-9999,1.17573269908867,0.0406595057523676,0.314480110279138,0.154047473955956,0.976055983128973,0.173637326135327,0.103291947854861,0.0248506571087216,0.324031007751938,0.136238517429256,0.0869297033900904,-0.0526830553078804,-9999,0,0,0,0,0,1,0,0
"162","swine",0,-0.623342512271112,0.0493428912783751,0.086105675146771,0.189069423929099,-0.310154928303839,0.432558139534884,-9999,0.226415094339623,0.0534636966854196,0.09209351547489,-9999,1.17430250207573,0.0345211943682329,0.324220934840692,0.154153658776293,0.975845075892052,0.173459993690473,0.103363146925145,0.0248506571087216,0.324031007751938,0.136035406010679,0.0807913920059556,-0.0491052339599965,-9999,0,0,0,0,0,1,0,0
"163","swine",0,-0.623342512271112,0.0493428912783751,0.086105675146771,0.189069423929099,-0.310154928303839,0.43167701863354,-9999,0.226415094339623,0.0534743924977276,0.09209351547489,-9999,1.17413184337757,0.0345211943682329,0.324220934840692,0.154184498368448,0.975845075892052,0.173494695659294,0.103383825495607,0.0248506571087216,0.324534161490683,0.136359700869205,0.0807913920059556,-0.0470661565206867,-9999,0,0,0,0,0,1,0,0
"164","swine",0,-0.630434740580604,0.0494623655913978,0.0862745098039216,0.188790560471976,-0.31232177638893,0.433229813664596,-9999,0.226415094339623,0.0531596419026157,0.0866266876215466,-9999,1.17411982458469,0.0383245132696464,0.324472467619884,0.154430244633297,0.975458946673992,0.17343704397278,0.103349471408437,0.0248506571087216,0.324534161490683,0.135720426533494,0.082600692300505,-0.0506568246514152,-9999,0,0,0,0,0,1,0,0
"165","swine",0,-0.631932868201626,0.0493428912783751,0.086105675146771,0.190265486725664,-0.319633672258383,0.431888544891641,-9999,0.226415094339623,0.0525798022817148,0.0866294789517632,-9999,1.17526382458425,0.048790164169432,0.314742190886149,0.153580552427382,0.976862031990716,0.173780702456515,0.103377238384388,0.0248506571087216,0.323529411764706,0.13635101269665,0.0887595616551327,-0.0475560469731671,-9999,0,0,0,0,0,1,0,0
"166","swine",0,-0.636427257789465,0.0492234169653524,0.0857699805068226,0.189069423929099,-0.322177400291301,0.432558139534884,-9999,0.22884012539185,0.0534279521980209,0.0864276952689425,-9999,1.17642633149265,0.0466455456287695,0.309774219241725,0.153753773547638,0.975073046590072,0.174234488556879,0.102700397002862,0.0248506571087216,0.324031007751938,0.136241278104953,0.0909217246596278,-0.0463988723622536,-9999,0,0,0,0,0,1,0,0
"167","swine",0,-0.64899984726048,0.0536377539873279,0.113372093023256,0.128205128205128,-0.927489922104778,0.483660130718954,-9999,0.183800623052959,0.0557433017799058,-0.51316504404669,-9999,1.21175203532099,-0.355015411679212,0.370048875536793,0.156081244983736,0.92066689205507,0.136635907153537,0.0850409441107401,0.0332095258903212,0.274509803921569,0.102671383743454,0.268164394871948,-0.287216814672689,-9999,0,0,0,0,0,1,0,0
"168","swine",0,-0.62288350182026,0.0534192702643653,0.110144927536232,0.12780269058296,-0.9362453464037,0.481967213114754,-9999,0.185758513931889,0.0560203615304865,-0.510654241222597,-9999,1.21401780716262,-0.3526034023128,0.357211812918223,0.155612115362463,0.923929550959546,0.137198015044571,0.084549249346938,0.0331002840288398,0.275409836065574,0.102703996139225,0.275709222932676,-0.21172935002977,-9999,0,0,0,0,0,1,0,0
"169","swine",0,-0.241507062857916,0.0491039426523298,0.0841487279843444,0.189069423929099,-0.338625089982314,0.428571428571429,-9999,0.22884012539185,0.0531166554031683,-0.131746130319422,-9999,1.17759943304916,0.00819336329571067,0.295473061724832,0.153415144376749,0.975458946673992,0.173890279699758,0.102672417706683,0.0248506571087216,0.324534161490683,0.135313937786842,0.1000104045335,-0.0348094046658612,-9999,0,0,0,0,0,1,0,0
"170","swine",0,-0.709151333378442,0.0507626906726682,0.0831024930747922,0.188059701492537,-0.314868212755938,0.452155625657203,-9999,0.211981566820276,0.0531361981775952,-0.0415499230783919,-9999,1.17461415456252,-0.269607979411814,0.283271909474541,0.154065289688111,0.963401056491889,0.173657407451917,0.103303893663705,0.0238392931566225,0.312302839116719,0.1356605730009,-0.020276580687984,-0.0427166817003814,-9999,0,0,0,0,0,1,0,0
"171","swine",0,-0.626106047226375,0.0533975270817376,0.1071953010279,0.123318385650224,-0.774825211574213,0.490998363338789,-9999,0.188854489164087,0.0551659968062845,-0.561372315482054,-9999,1.21241991149547,-0.369360103466048,0.457744364103052,0.15565616939238,0.928771764929173,0.135972527339434,0.0826194975643415,0.0330451909399278,0.274959083469722,0.102044144327118,0.184554908893531,-0.612907447962119,-9999,0,0,0,0,0,1,0,0
"172","carnivore",0,-2.28206142382919,0.0585490668272125,0.110647181628392,0.183418928833456,-9999,0.451048951048951,-9999,0.338709677419355,0.0608552681074299,0.250742922876323,-9999,1.30875381321631,-0.229481694246852,0.406434244906844,0.161116816382786,0.863054905062261,0.16810020780495,0.0810572218644046,0.0327363034316677,0.297202797202797,0.0895370543056039,0.371500820131062,-9999,0.501324316314729,0,0,1,0,0,0,0,0
"173","rodent",0,0.29277936073484,0.0585473361441165,0.147651006711409,0.172520661157025,0.371115628093527,0.409883720930233,0.0151244545550468,0.234957020057307,0.040941710053564,-0.243385815163848,-9999,0.980344160231106,0.109242942883425,-0.234221815455223,0.160759821961734,0.898131981811582,0.114035384499475,0.0950680385989536,0.0358374856266769,0.305232558139535,0.116579784559301,0.240440161598349,-0.891487279859122,0.154865516216237,0,0.277419005113564,0,0,0.722580994886435,0,0,0
"174","rodent",0,0.290313268239646,0.0585473361441165,0.147651006711409,0.172520661157025,0.372906138867315,0.409024745269287,0.0151244545550468,0.234957020057307,0.0409451014324944,-0.249511145392092,-9999,0.979815647751454,0.111347845073883,-0.255315598515022,0.161004466649809,0.89647648773799,0.114044830543614,0.0953072417524729,0.0358374856266769,0.305676855895196,0.116589441367103,0.238296783123382,-1.5360165888908,0.157307519871789,0,0.20381722556888,0,0,0.79618277443112,0,0,0
"175","rodent",0,0.294602515296355,0.0585473361441165,0.147651006711409,0.172520661157025,0.371115628093527,0.410480349344978,0.0151244545550468,0.235632183908046,0.0409331367788755,-0.300755240057835,-9999,0.980205012806324,0.109242942883425,-0.234221815455223,0.160494897878755,0.897883415568585,0.114011505265455,0.0950481311645074,0.0358374856266769,0.305676855895196,0.1165553725229,0.241982181950165,-0.892941825570117,0.152190282929291,0,0.203792588974254,0,0,0.796207411025746,0,0,0
"176","bird",0,-0.0144216533689293,0.0631667817944585,0.0665926748057714,0.132364192807957,-0.403957948817593,0.418161434977579,-0.0443688302381036,0.273755656108597,0.0386436773793427,-1.97884271332348,-9999,1.12391989244953,0.0331510156542965,-0.867609076068894,0.154830627910611,0.92185081594584,0.121817155182564,0.0790787835113701,0.0312380075216824,0.335201793721973,0.10159960211655,0.102192574223895,-0.466359914695004,0.0645356673825291,1,0,0,0,0,0,0,0
"177","swine",0,-0.636427257789465,0.0492234169653524,0.086105675146771,0.187869822485207,-0.322177400291301,0.43343653250774,-9999,0.225705329153605,0.0531275215376078,0.0893732054986995,-9999,1.17421665341961,0.0466455456287695,0.309774219241725,0.154040132279433,0.974898490217871,0.174222654427798,0.103287025112221,0.0248506571087216,0.325077399380805,0.136528826297763,0.0909217246596278,-0.0563286851981551,-9999,0,0,0,0,0,1,0,0
"178","bird",0,0.125535338070353,0.0609465440926115,0.0671031096563011,0.249692496924969,-9999,0.406779661016949,0.568838836268639,0.359375,0.0371648038581762,0.350008130230046,-9999,1.09408925175009,-0.326284445220637,-0.0199467182056224,0.146852593022932,0.898090076777942,0.13059299133498,0.0843950754279417,0.0327999092044036,0.372881355932203,0.100912766031576,0.244072090495109,0.0885533973414452,0.0408817004741543,1,0,0,0,0,0,0,0
"179","bird",0,0.142084810335564,0.0610478359908884,0.0695652173913043,0.225806451612903,-9999,0.417525773195876,0.397554629102543,0.353503184713376,0.0393049416457921,0.347239964784547,-9999,1.12426659646824,-0.182228794914466,-0.0979903784996361,0.146876360886907,0.919005638783592,0.133688518624175,0.0848159267093409,0.0328018223234624,0.381443298969072,0.107571419241115,0.277247176328486,-0.16238327189735,0.485667064129836,1,0,0,0,0,0,0,0
"180","carnivore",0,-0.341262336687597,0.0626959247648903,0.0793157076205288,0.186383928571429,-1.35585333561866,0.464527027027027,-9999,0.416666666666667,0.0499966703894759,-0.315221783688175,-9999,1.21436020086199,-0.806550442002046,0.552695345090849,0.172760771939872,0.905644263856783,0.167563098285521,0.0730149394301752,0.0300940438871473,0.320945945945946,0.0947956671246003,0.32638879629284,-9999,-0.96897526170423,0,0,1,0,0,0,0,0
"181","carnivore",0,-0.339624334683359,0.0629049111807733,0.0790697674418605,0.187919463087248,-1.34907867880171,0.467796610169491,-9999,0.414239482200647,0.0492530639060203,-0.320165850895949,-9999,1.21346308778227,-0.775715944476649,0.562797792000467,0.172756977921619,0.906772462611219,0.168549429748743,0.0727658331073868,0.0300940438871473,0.316949152542373,0.0945460824728632,0.327118771369623,-9999,-0.961741750637478,0,0,1,0,0,0,0,0
"182","carnivore",0,-0.343317550807925,0.0626178010471204,0.0816326530612245,0.187429854096521,-1.25553061399079,0.469387755102041,-9999,0.412903225806452,0.0495101894802798,-0.325939362607676,-9999,1.21566488748627,-0.805448725572006,0.558207761956044,0.172295459391374,0.910817529861431,0.16808709328555,0.0730275294834128,0.0301570680628272,0.321428571428571,0.0948120128547359,0.324401947556596,-9999,-0.953847771784482,0,0,1,0,0,0,0,0
"183","swine",0,-0.370754167476924,0.0604431060443106,0.111975116640746,0.19327731092437,0.178615647577618,0.531986531986532,-9999,0.465408805031447,0.0421580788400882,0.223481072987839,-9999,1.18338010549237,-0.0025061160596029,0.476688751264295,0.172848123244361,0.895466310179616,0.1659044396707,0.0823322480877016,0.0315121531512153,0.333333333333333,0.0910118525547785,0.325323666907544,-0.156996682348212,-9999,0,0,0,0,0,1,0,0
"184","bird",0,0.131181826913572,0.0631497284716835,0.0546511627906977,0.221069433359936,-1.00771063914855,0.423250564334086,-9999,0.350561797752809,0.038663838552948,0.386584371425524,-9999,1.13749912732748,-0.0413057823782024,-0.0766720506398401,0.146870688731333,0.90739237450555,0.137529090154782,0.0835554094902635,0.0328937160589604,0.396162528216704,0.108206850178385,0.176210342694551,-1.5903042373082,0.216164456207728,1,0,0,0,0,0,0,0
"185","camelid",0,0.0300464410371456,0.0522976082560491,0.0735694822888283,0.183153013910355,0.828847435382447,0.516314779270633,-9999,0.222222222222222,0.0504136991103452,-0.18339624792372,-9999,1.11700601781669,-0.0639666580041158,0.585565178798805,0.152745983871643,0.926942984696928,0.140706891546784,0.085276903967748,0.0299839620668015,0.243761996161228,0.105843686689381,0.604485691500998,-0.338819955389601,-0.413266800572233,0,1,0,0,0,0,0,0
"186","swine",0,-0.619107814203059,0.0492292986019835,0.0848126232741617,0.193164933135215,-0.340782588122335,0.423493044822257,-9999,0.225705329153605,0.0549314917496269,0.105931781026118,-9999,1.17743259972907,0.239051770578052,0.28661321487483,0.155589738793538,0.976676831679801,0.174593065669084,0.103330589885785,0.0248536264786713,0.326120556414219,0.135101777005839,0.117413893625058,-0.0148909297250301,-9999,0,0,0,0,0,1,0,0
"187","bird",0,0.125167060344084,0.060599182932365,0.0735294117647059,0.244798041615667,-9999,0.398648648648649,1.08735831642084,0.358490566037736,0.0368214374125104,0.200966780763275,-9999,1.10969404310677,-0.241922141711688,0.0272361475167461,0.145225809095496,0.886665885431617,0.136986046877312,0.0867749958602519,0.0327961870177031,0.373310810810811,0.108919356821622,0.235724055183863,0.313254085411384,0.389162462493393,1,0,0,0,0,0,0,0
"188","yinpterochiroptera",0,-0.149858079666064,0.0566171769553172,0.0794979079497908,0.203478260869565,0.0916241936110061,0.521042084168337,-9999,0.341650671785029,0.0416483418168431,-0.3765997146227,2.19664374278513,1.18113732833043,-9999,0.656756569454046,0.155685468220104,0.906689703917367,0.195102648868188,0.0850320312093881,0.0314697733892165,0.278557114228457,0.11849944874078,-0.0478162318626165,-0.751090543170978,0.365722776585442,0,0,0,0,0,0,0,1
"189","yinpterochiroptera",0,-0.147251580688572,0.0567259786476868,0.0778128286014721,0.204010462074978,0.0902362683361579,0.5199203187251,-9999,0.342967244701349,0.0424080888100948,-0.376284148001377,2.22558740702064,1.17892877450379,-9999,0.655368644179198,0.155992326675729,0.906407189294314,0.194432407176107,0.0848161776201896,0.0311743772241993,0.277888446215139,0.118792248772137,-0.0756491796988002,-0.681229094017987,0.417187059250766,0,0,0,0,0,0,0,1
"190","carnivore",0,-0.319283776650522,0.0648956637561048,0.0978021978021978,0.182926829268293,0.0307064887361367,0.510957324106113,-9999,0.498783454987835,0.0369786427041228,0.00839124083579531,-9999,1.17452335828762,0.520500072921945,0.411812771912448,0.181026165917568,0.899916655358729,0.178609261165665,0.07709926158572,0.0306348971437028,0.320645905420992,0.0894254758204276,0.302952867833003,-1.10385603887927,0.363841173112015,0,0,1,0,0,0,0,0
"191","swine",0,-0.945670720507103,0.0600174596246181,0.107250755287009,0.170238095238095,0.537636881216648,0.497391304347826,-9999,0.436482084690554,0.0438045368895918,0.0739862189735922,-9999,1.15493496258748,0.324242933065752,-0.0942995682984015,0.169900833831885,0.904619513779572,0.14913798975705,0.0840641979615288,0.0313182016586643,0.304347826086956,0.0952052362455868,0.366252784190949,-0.854507512951681,-9999,0,0,0,0,0,1,0,0
"192","swine",0,-0.788507643390264,0.0535186603918135,0.111594202898551,0.123734533183352,-0.924042708678473,0.479474548440066,-9999,0.191358024691358,0.0565933535516656,-0.514425806024698,-9999,1.2177639344517,-0.404330301732727,0.308075932236549,0.156799933693606,0.921447630347645,0.137848948329975,0.0854092354059541,0.0331618693225347,0.280788177339902,0.104100618230357,0.310282051643205,-0.353320693791373,-9999,0,0,0,0,0,1,0,0
"193","swine",0,-0.623064874414259,0.0533916849015317,0.111918604651163,0.128779395296753,-0.9362453464037,0.481907894736842,-9999,0.185758513931889,0.0557818023841591,-0.510357129964964,-9999,1.21385306038092,-0.354843044906305,0.358364732027169,0.155929596431998,0.922821585921134,0.137249178889396,0.0848402296726512,0.0330415754923414,0.277960526315789,0.103001746727959,0.272509220202005,-0.277579879134463,-9999,0,0,0,0,0,1,0,0
"194","swine",0,-0.622068989976481,0.0533916849015317,0.111756168359942,0.12780269058296,-0.9362453464037,0.480263157894737,-9999,0.185758513931889,0.0555115017514169,-0.504659108850327,-9999,1.21276933064456,-0.354843044906305,0.355164729296498,0.155639724536683,0.922939654646734,0.13748175667407,0.0848236498724921,0.0331509846827133,0.276315789473684,0.102981617735105,0.269948399340332,-0.205168200898726,-9999,0,0,0,0,0,1,0,0
"195","swine",0,-0.654779859692587,0.0535010940919037,0.113372093023256,0.12751677852349,-1.05714534088461,0.483606557377049,-9999,0.183800623052959,0.0557495999337208,-0.511612864648083,-9999,1.21305123145392,-0.364256372726182,0.373043213792508,0.15583957934961,0.920263645943719,0.137169945883434,0.0850505524570252,0.0332603938730853,0.275409836065574,0.102942284528777,0.265340562235952,-0.284117810517859,-9999,0,0,0,0,0,1,0,0
"196","swine",0,-0.656044990844793,0.0533916849015317,0.113372093023256,0.12682379349046,-0.927489922104778,0.482815057283142,-9999,0.185758513931889,0.0552277610716721,-0.505612335233641,-9999,1.21233308339289,-0.357587409511855,0.261759640668264,0.155052587421877,0.923237401125852,0.137421189521062,0.0850455663451101,0.0331509846827133,0.276595744680851,0.102676964245926,0.269126494369924,-0.279460549251786,-9999,0,0,0,0,0,1,0,0
"197","swine",0,-0.411547939326496,0.0492234169653524,0.0859375,0.191458026509573,-0.322177400291301,0.43613707165109,-9999,0.226415094339623,0.0531957172580126,0.0920934328046198,-9999,1.17690754353061,0.0446515270219051,0.309774219241725,0.154237861770439,0.974861361097806,0.174149107894946,0.102825241180293,0.0248506571087216,0.320872274143302,0.136406895091775,0.0857803251592092,-0.0573450684136917,-9999,0,0,0,0,0,1,0,0
"198","swine",0,-0.624840639892134,0.0491039426523298,0.0859375,0.189069423929099,-0.324703751463706,0.431007751937985,-9999,0.225705329153605,0.0537873656702512,0.0924071071685343,-9999,1.17519958924332,0.0488030437687909,0.30939440024344,0.15363573509127,0.975458946673992,0.174140310954515,0.102820047082359,0.0248506571087216,0.325581395348837,0.136697172421633,0.0930792227996491,-0.045514565829268,-9999,0,0,0,0,0,1,0,0
"199","swine",0,-0.634387806459576,0.0492234169653524,0.087719298245614,0.189069423929099,-0.31232177638893,0.432558139534884,-9999,0.226415094339623,0.0534835222763832,0.0893732054986995,-9999,1.17561565236417,0.0320840645411409,0.319629843144096,0.154210822563571,0.976055983128973,0.172930055360306,0.102807215042381,0.0248506571087216,0.324031007751938,0.135788720446151,0.082600692300505,-0.0438832899788448,-9999,0,0,0,0,0,1,0,0
"200","swine",0,-0.624840639892134,0.0491039426523298,0.0859375,0.188790560471976,-0.315314011113867,0.43167701863354,-9999,0.226415094339623,0.0531792180987178,0.0901933489075232,-9999,1.17511320452798,0.0388408555127494,0.323381849841908,0.154190023425891,0.975845075892052,0.173798003283519,0.102793348950594,0.0248506571087216,0.324534161490683,0.136364587191684,0.0851110531504722,-0.0470661565206867,-9999,0,0,0,0,0,1,0,0
"201","swine",0,-0.619777446106616,0.0492234169653524,0.0859375,0.190828402366864,-0.315314011113867,0.431007751937985,-9999,0.226415094339623,0.0537921637024206,0.0948372420218262,-9999,1.17402724893443,0.0408348741196137,0.316637608419159,0.153649439967688,0.978199642962838,0.17385865064042,0.103126413285856,0.0248506571087216,0.324031007751938,0.136709366315544,0.0851110531504722,-0.048003021108629,-9999,0,0,0,0,0,1,0,0
"202","swine",0,-0.410818529784363,0.0491039426523298,0.0862745098039216,0.189349112426035,-0.326861249603727,0.430124223602484,-9999,0.22884012539185,0.0525938947365895,-0.129025903013501,-9999,1.17537042796831,0.0486595484194439,0.307236902103419,0.153918855782787,0.97447562112291,0.174124419862381,0.103404945583803,0.0248506571087216,0.324534161490683,0.136387557537258,0.094929746057167,-0.0461762548889844,-9999,0,0,0,0,0,1,0,0
"203","swine",0,-0.426560962256418,0.0607000443066017,0.110935023771791,0.18705035971223,0.0851981398654489,0.52536231884058,-9999,0.472491909385113,0.0467488953998222,0.259034453537968,-9999,1.19424643192482,0.0611762805066034,-0.343946629180132,0.169464745824356,0.889266114762457,0.154982751053759,0.078507655861658,0.0321222862206469,0.309782608695652,0.0886704592094454,0.220270681464483,-0.882856579131965,-9999,0,0,0,0,0,1,0,0
"204","bird",0,0.0252006136172982,0.0608175473579262,0.0704918032786885,0.227602905569007,-0.364973746753427,0.410865874363328,0.274286271791051,0.3125,0.0423261536342449,0.192423384491272,-9999,1.14332748557983,-0.193366082555201,-0.447535347446448,0.146851106206618,0.922629000023309,0.139624689732479,0.0877493429002639,0.0335659687603855,0.392190152801358,0.105557297782964,0.177148803703977,-1.1883795197375,0.59229320700401,1,0,0,0,0,0,0,0
"205","camelid",0,0.000652755371320868,0.0595137663931283,0.0809935205183585,0.114114114114114,0.421858917883841,0.534501642935378,0.121796957009483,0.370892018779343,0.0447958909614213,-0.109959110523803,-9999,1.25488812287132,-0.644085976952616,0.862403839978451,0.163657715273829,0.850643586129084,0.143041424547266,0.0636305269338371,0.0330546821075236,0.311062431544359,0.0862829945222831,0.526814499059943,0.0265907798694906,0.0183143627122889,0,1,0,0,0,0,0,0
"206","camelid",0,-0.000681467641815848,0.0595137663931283,0.0808189655172414,0.11544227886057,0.421858917883841,0.533991228070175,0.123954455149504,0.370892018779343,0.0443392243359239,-0.109959110523803,-9999,1.25507647727678,-0.644085976952616,0.862403839978451,0.164029500433476,0.850444616809578,0.143782108973719,0.0640740236068265,0.0330546821075236,0.31140350877193,0.0866280799164294,0.526814499059943,0.0275461721194107,0.0183143627122889,0,1,0,0,0,0,0,0
"207","camelid",0,-0.00201747318455804,0.0595137663931283,0.0808189655172414,0.11544227886057,0.421858917883841,0.534501642935378,0.123954455149504,0.370892018779343,0.0443420526839687,-0.109959110523803,-9999,1.25449676527804,-0.644085976952616,0.862403839978451,0.164039963686358,0.850245717291622,0.143534968225564,0.0640781108149837,0.0330546821075236,0.311062431544359,0.086633605821858,0.526814499059943,0.0265907798694906,0.0183143627122889,0,1,0,0,0,0,0,0
"208","camelid",0,0.00264705504848433,0.059437073395199,0.0798274002157497,0.115355805243446,0.410892529843529,0.535087719298246,0.1362993082613,0.370892018779343,0.0450389013651805,-0.120640326862849,-9999,1.25629846889369,-0.620672965565204,0.742660307284398,0.164033725994777,0.851913541110727,0.143305595252847,0.063463906469118,0.0329779891095943,0.31030701754386,0.0867510656977057,0.529811715476391,0.0254948893488535,0.0220041818062725,0,1,0,0,0,0,0,0
"209","camelid",0,-0.0487539141755679,0.0597876990321574,0.0790340285400659,0.113236419280796,0.43183721244736,0.529608938547486,0.176102813859527,0.363855421686747,0.0444754471623798,-0.114739672958145,-9999,1.25785248823499,-0.643045566721363,0.896113150949771,0.163843457649916,0.850551918480693,0.143394976195949,0.0639015045436492,0.0331720262254137,0.316201117318436,0.0866504401611883,0.526066752724269,0.0317003497477762,0.0412806558291184,0,1,0,0,0,0,0,0
"210","camelid",0,0.0309881882269969,0.0525765288334147,0.0732368896925859,0.180201082753287,0.824660409028231,0.518234165067178,-9999,0.224137931034483,0.0499428624138831,-0.169476650305485,-9999,1.11944126363332,-0.0684634892851448,0.573345980747325,0.151550754911094,0.924976413086044,0.140725700988873,0.0853703116138791,0.0299839620668015,0.245681381957774,0.10603632364721,0.595805408310834,-0.688582564539134,-0.427241392898501,0,1,0,0,0,0,0,0
"211","camelid",0,-0.00195490304598352,0.0524370685447319,0.0739404869251578,0.17992277992278,0.827879774530102,0.518234165067178,-9999,0.223709369024857,0.0501948567523386,-0.172132694363601,-9999,1.11910831004315,-0.0698630696395682,0.57922846366868,0.151322729915138,0.924148560046064,0.140496388262673,0.0856265203422246,0.0299839620668015,0.245681381957774,0.106048937550284,0.592007745272398,-0.688582564539134,-0.425327516716217,0,1,0,0,0,0,0,0
"212","camelid",0,0.0314162456261459,0.0525765288334147,0.072463768115942,0.180694980694981,0.824660409028231,0.517805582290664,-9999,0.225,0.0501913988342206,-0.172761566522384,-9999,1.11898116165552,-0.0713202071614124,0.578665142224925,0.151312305309047,0.927722876633652,0.141470854557239,0.0848825127343436,0.0299142319224601,0.245428296438884,0.106287668119526,0.628307331558295,-0.341703186603686,-0.432883596204818,0,1,0,0,0,0,0,0
"213","camelid",0,-0.00776544322606197,0.0521581479673663,0.073502722323049,0.18013856812933,0.820062699779601,0.514450867052023,-9999,0.224761904761905,0.0504495575112635,-0.170140777443847,-9999,1.11963925677115,-0.0485600560276535,0.571425649269412,0.151348672533791,0.925398937526417,0.141012665629044,0.0851490092629131,0.0301234223554843,0.251445086705202,0.1060671184749,0.597815459238858,-0.323863511750388,-0.431824834856576,0,1,0,0,0,0,0,0
"214","camelid",0,0.0119337838533757,0.0525765288334147,0.072463768115942,0.180974477958237,0.824660409028231,0.517307692307692,-9999,0.225433526011561,0.0501810961670104,-0.172761566522384,-9999,1.11982497880303,-0.0684752550291812,0.578665142224925,0.151281245797605,0.928332852756544,0.141441815176623,0.0848650891059735,0.0299142319224601,0.246153846153846,0.10626585070661,0.628307331558295,-0.340741185567495,-0.434808524614402,0,1,0,0,0,0,0,0
"215","camelid",0,0.0277610518493722,0.0525765288334147,0.0723981900452489,0.18041634541249,0.824660409028231,0.516346153846154,-9999,0.224137931034483,0.0501971421660211,-0.178024736566658,-9999,1.11905077592311,-0.0813417656224315,0.58401274855152,0.151329619765211,0.92670758491584,0.14124097844753,0.0848922257219475,0.0299839620668015,0.246153846153846,0.106053766046839,0.628307331558295,-0.334218706808764,-0.429044819897652,0,1,0,0,0,0,0,0
"216","camelid",0,0.0891828009688698,0.059454657281487,0.0909961685823755,0.174097664543524,0.447968185424472,0.525080042689434,0.263912789838483,0.278925619834711,0.0298674781178886,0.407123694862458,-9999,1.05569107082427,-0.196565950018847,-0.753619331222282,0.14867366885349,0.902156742042235,0.108407883539003,0.0800890894716718,0.0349894075035878,0.287086446104589,0.0931422836120823,-0.208956724794277,-0.563051045428747,-1.26060595841287,0,1,0,0,0,0,0,0
"217","camelid",0,0.0159285787725161,0.0600463678516229,0.0809935205183585,0.116981132075472,0.50207217215965,0.531042128603104,0.147687784939086,0.371158392434988,0.0453285562786114,-0.101583570489839,-9999,1.25894994327829,-0.634709986280068,0.853811880911651,0.163997697996774,0.850738205029414,0.142861348720792,0.0636637026384992,0.0332302936630603,0.314855875831486,0.0858186711566969,0.525989177200379,0.0250735040332986,0.147525375192092,0,1,0,0,0,0,0,0
"218","camelid",0,0.0149589699415953,0.0601236476043277,0.0810810810810811,0.116981132075472,0.50207217215965,0.531042128603104,0.146607287805331,0.369668246445498,0.0453003383216015,-0.102507342329898,-9999,1.2597067382714,-0.634709986280068,0.855098054722395,0.163895606062423,0.850938862663017,0.142772414597856,0.0636240706764066,0.0332302936630603,0.314855875831486,0.0857652472717961,0.524192231523678,0.0250735040332986,0.151548308280597,0,1,0,0,0,0,0,0
"219","camelid",0,0.0405287578132965,0.0596599690880989,0.0813449023861171,0.115558912386707,0.503390645278473,0.532668881506091,0.1433587738495,0.369668246445498,0.0453081712748814,-0.121078661261445,-9999,1.25746529972608,-0.638216783759227,0.814664899747074,0.163923945511369,0.849179628549899,0.142288021026172,0.0636350720152828,0.0333848531684699,0.314507198228128,0.0857800770766013,0.531057828935447,0.0220148646928146,0.157068101504195,0,1,0,0,0,0,0,0
"220","camelid",0,0.00641388428105931,0.0599690880989181,0.0810810810810811,0.115558912386707,0.500673252301973,0.531111111111111,0.118053342456245,0.369668246445498,0.0453289883934709,-0.108350866438894,-9999,1.25812885797636,-0.642708296350906,0.801563063921532,0.163489946902294,0.851742203531826,0.142862710610883,0.0636643095413918,0.0332302936630603,0.315555555555556,0.0860741464999617,0.528479566332925,0.0302912185410404,0.154329951242474,0,1,0,0,0,0,0,0
"221","camelid",0,0.0113299754371904,0.0599690880989181,0.0814332247557003,0.116402116402116,0.506212964825681,0.530589543937709,0.142273586548213,0.369668246445498,0.0451097260458545,-0.102871400674268,-9999,1.25781201664372,-0.639761168517281,0.80710277644524,0.163873185579008,0.850923814495287,0.142720037207223,0.0637143023246533,0.0333848531684699,0.315906562847608,0.085632022324334,0.52516585036727,0.0259261249648693,0.151548308280597,0,1,0,0,0,0,0,0
"222","camelid",0,0.0086236138394474,0.0599690880989181,0.0813449023861171,0.115821347464042,0.506212964825681,0.53,0.114804828500414,0.369668246445498,0.0453739384323942,-0.108350866438894,-9999,1.25935659209492,-0.636744574977855,0.80710277644524,0.163652070076388,0.850722970968637,0.143259288758458,0.0637274416185311,0.0334621329211746,0.315555555555556,0.0861595010682541,0.523967527875162,0.032385460144155,0.154329951242474,0,1,0,0,0,0,0,0
"223","camelid",0,0.0139307571372478,0.0599690880989181,0.0813449023861171,0.117069486404834,0.500673252301973,0.530454042081949,0.1433587738495,0.369668246445498,0.0450466750211606,-0.105081346325071,-9999,1.25821225625194,-0.63401977765167,0.804654256491204,0.163898636800155,0.850120866849976,0.142775054728085,0.0636252472050291,0.0333848531684699,0.314507198228128,0.0855123322435591,0.526087220694305,0.0261815373876605,0.151548308280597,0,1,0,0,0,0,0,0
"224","camelid",0,0.0139307571372478,0.0599690880989181,0.0813449023861171,0.117069486404834,0.500673252301973,0.530454042081949,0.1433587738495,0.369668246445498,0.0450425674514885,-0.105081346325071,-9999,1.25821225625194,-0.63401977765167,0.804654256491204,0.163883691744399,0.850120866849976,0.14276203582082,0.0636194455529499,0.0333848531684699,0.314507198228128,0.0855045348231646,0.526087220694305,0.0261815373876605,0.151548308280597,0,1,0,0,0,0,0,0
"225","camelid",0,0.015227236653089,0.0596599690880989,0.0815217391304348,0.116892911010558,0.503390645278473,0.5338512763596,0.141187220335992,0.369668246445498,0.0452989667255616,-0.125483954729361,-9999,1.25975193241578,-0.633854294191364,0.820954228654638,0.163890643658773,0.848499530168126,0.143022580335762,0.063876632854584,0.0333848531684699,0.312985571587125,0.086017139063145,0.531057828935447,0.0197975688841669,0.157068101504195,0,1,0,0,0,0,0,0
"226","camelid",0,0.00738367501013034,0.0599690880989181,0.0813449023861171,0.117735849056604,0.326616205357912,0.532668881506091,0.112134599944535,0.370546318289786,0.0450879296486337,-0.106928068918235,-9999,1.25835684500099,-0.639583737637856,0.725907389351468,0.163794004316788,0.850260009756706,0.142141608722811,0.0636835164528725,0.0332302936630603,0.314507198228128,0.0861001142442836,0.521427127728389,0.0246922424635308,0.150110748295679,0,1,0,0,0,0,0,0
"227","camelid",0,0.00706509609532616,0.0599690880989181,0.0813449023861171,0.115471698113208,0.330774215506575,0.532668881506091,0.112134599944535,0.369668246445498,0.0453083679580638,-0.106928068918235,-9999,1.2566769047851,-0.641605983018623,0.730065399500132,0.16367011571368,0.85140264339336,0.142288638699762,0.0633808068626847,0.0332302936630603,0.314507198228128,0.0860349908417166,0.520600339752395,0.0246922424635308,0.152483228649309,0,1,0,0,0,0,0,0
"228","camelid",0,0.0142753668526316,0.0599690880989181,0.0815217391304348,0.117069486404834,0.492476485097794,0.53156146179402,0.141187220335992,0.369668246445498,0.0450522868203475,-0.105081346325071,-9999,1.25823241198297,-0.628441561084614,0.796457489287026,0.163919054871773,0.850120866849976,0.14228377589025,0.063633173475067,0.0333848531684699,0.314507198228128,0.0855229851504901,0.530160546081941,0.0240960308966391,0.151548308280597,0,1,0,0,0,0,0,0
"229","camelid",0,0.0109484641787755,0.0598145285935085,0.0813449023861171,0.117069486404834,0.503390645278473,0.529281767955801,0.1433587738495,0.369668246445498,0.0450492953507302,-0.107661992918562,-9999,1.25690153431526,-0.633854294191364,0.811002202966853,0.163908170654634,0.849039975728742,0.142528844047508,0.0638834640284366,0.0333848531684699,0.316022099447514,0.0855173064285048,0.52474781297519,0.0283939276706012,0.151548308280597,0,1,0,0,0,0,0,0
"230","camelid",0,0.0129656089705681,0.0599690880989181,0.0813449023861171,0.117069486404834,0.500673252301973,0.531491712707182,0.1433587738495,0.369668246445498,0.0450403259742512,0.17167165559452,-9999,1.25734880983422,-0.653485112439773,0.804654256491204,0.163875536313095,0.849319055183329,0.142500466359213,0.0638707447431472,0.0333848531684699,0.316022099447514,0.0855002798155278,0.526087220694305,0.0242272549757552,0.157119353330053,0,1,0,0,0,0,0,0
"231","camelid",0,0.0185550267457637,0.0602009273570325,0.0812567713976165,0.117735849056604,0.492476485097794,0.533776301218162,0.129949777493191,0.369668246445498,0.0450551402161105,-0.0975598874197364,-9999,1.25812021197051,-0.628441561084614,0.843714690315926,0.163674887903723,0.850198396523684,0.14280188509174,0.0636372036950713,0.0332302936630603,0.312292358803987,0.0857829505809561,0.528955765539711,0.00544501344540854,0.149701585687433,0,1,0,0,0,0,0,0
"232","camelid",0,0.0096387062967119,0.0599690880989181,0.0813449023861171,0.115646258503401,-0.180051408259415,0.53429203539823,0.112134599944535,0.369668246445498,0.0453212224995424,-0.106928068918235,-9999,1.25469779538505,-0.637091302664097,0.817076776489761,0.163207323720262,0.852759780873891,0.142329007737327,0.0631441751679018,0.0332302936630603,0.314159292035398,0.086059400027221,0.522986975730126,0.0216496658919104,0.152483228649309,0,1,0,0,0,0,0,0
"233","swine",0,-0.633433243576861,0.0492234169653524,0.0859375,0.189069423929099,-0.322177400291301,0.430124223602484,-9999,0.226415094339623,0.0528331492588403,0.0893732054986995,-9999,1.17381269919254,0.0486355960367796,0.309774219241725,0.153750400652131,0.976231434425689,0.174230666376063,0.102698144064937,0.0248506571087216,0.326086956521739,0.136535104826216,0.0909217246596278,-0.0407561874196452,-9999,0,0,0,0,0,1,0,0
"234","yinpterochiroptera",0,-0.0852206401454951,0.0563843944806332,0.0886339937434828,0.217429577464789,-0.11136982082167,0.522926829268293,0.195243582390149,0.36084452975048,0.0404124066672964,-0.377144802380016,2.39095744194096,1.18274595998194,-1.58133726444582,0.0718216794808245,0.158484799641024,0.929043081832206,0.188672380525028,0.0861806744591742,0.0313090985501156,0.286829268292683,0.108821360122178,-0.0832038012774798,-0.791225145136996,0.138742007754809,0,0,0,0,0,0,0,1
"235","swine",0,-0.232660017450982,0.0601617250673854,0.107142857142857,0.195678271308523,0.433763544230592,0.523648648648649,-9999,0.457943925233645,0.0458091074932629,0.223926096862892,-9999,1.18357304496199,0.0759199166277176,0.205504892249612,0.173526890884806,0.894805300937032,0.163319426715111,0.0814107508168314,0.0315902964959569,0.322635135135135,0.0913692524458015,0.299566300165274,-0.796168656164826,-9999,0,0,0,0,0,1,0,0
"236","human",0,0.119073001743304,0.0564071736298968,0.0315656565656566,0.195991091314031,0.336472236621213,0.651072124756335,-9999,0.336538461538462,0.0234372716857634,-0.222954213983662,-9999,1.08926985932873,0.0813310637880265,-0.278621751641153,0.148013760826307,0.910002442920681,0.0787576787278355,0.047296836555054,0.0357679591223324,0.228070175438597,0.055953846817363,0.143044579716274,-0.445483183279518,0.472617205950623,0,0,0,1,0,0,0,0
"237","human",0,0.120912928665311,0.0564071736298968,0.0315656565656566,0.195991091314031,0.336472236621213,0.651072124756335,-9999,0.334405144694534,0.0234396742828903,-0.222954213983662,-9999,1.08962978348482,0.0813310637880265,-0.278621751641153,0.14802893398474,0.910321043335893,0.0789769205567656,0.0473016850393463,0.0357679591223324,0.228070175438597,0.0561707509842237,0.143044579716274,-0.445483183279518,0.478976381336526,0,0,0,1,0,0,0,0
"238","yinpterochiroptera",0,-0.0179564534409787,0.0566860465116279,0.0948012232415902,0.196405648267009,0.607491735981451,0.48813056379822,0.922212068053293,0.319444444444444,0.0462038544870888,-0.790972802138631,2.93922006329065,1.18939642903396,-1.15476172092889,-0.030305349495329,0.158376545658521,0.927863508415349,0.189692491477548,0.087273947364501,0.0303156146179402,0.287833827893175,0.106525553400788,0.334750707638038,-0.359913594273147,-0.612305379570132,0,0,0,0,0,0,0,1
"239","yangochiroptera",0,0.260151792983955,0.0536271254653386,0.0807537012113055,0.215349369988545,0.32668423025505,0.520891364902507,-9999,0.249315068493151,0.0416268765534508,-0.225630529574711,-9999,1.10753580046522,0.129586469472131,0.589048494722541,0.147457918638495,0.900132889616598,0.126291710221486,0.0896036156320042,0.0311902605895965,0.295264623955432,0.0943072175024506,0.23910021868803,0.158835061471422,1.12526129546742,0,0.222463977465603,0,0,0,0,0.777536022534397,0
"240","carnivore",0,-0.849259249235667,0.0631888317413666,0.102762430939227,0.174904942965779,-0.328182407204878,0.488991888760139,-9999,0.444180522565321,0.0520881424713981,0.168150456880184,-9999,1.19365002861975,-0.0799491504264569,0.673535333754203,0.170335631778506,0.886851127341278,0.170829358247429,0.0809711409034056,0.0302718589272594,0.323290845886443,0.0947954820332553,0.478661612298742,-9999,0.432376417037004,0,0,1,0,0,0,0,0
"241","carnivore",0,-0.84661024106409,0.0631888317413666,0.102649006622517,0.174772036474164,-0.326926914259047,0.487861271676301,-9999,0.444180522565321,0.0522750673202283,0.170231623084009,-9999,1.19404569442878,-0.0807365591104252,0.67215577906203,0.170633710309424,0.887306498043307,0.170633710309424,0.0806318255363898,0.0302718589272594,0.322543352601156,0.0949334948975843,0.477874203614773,-9999,0.432376417037004,0,0,1,0,0,0,0,0
"242","carnivore",0,-0.84223839322218,0.0625968849191703,0.102222222222222,0.175438596491228,-0.327435486167309,0.488991888760139,-9999,0.441805225653207,0.0524726354674054,0.278917613308214,-9999,1.19248820029355,-0.0804177914019794,0.676188286774733,0.170783577700518,0.887298630879673,0.169546015543268,0.0811840775156084,0.030191186240496,0.323290845886443,0.0947972612453598,0.480180750094467,-9999,0.432856332581081,0,0,1,0,0,0,0,0
"243","carnivore",0,-0.84661024106409,0.0629684055841293,0.10310421286031,0.174772036474164,-0.330178949645424,0.488991888760139,-9999,0.444444444444444,0.0522979033726173,0.248874065314427,-9999,1.1940917697314,-0.078693657480625,0.668044320663884,0.170708250631373,0.886775494753036,0.170461562407918,0.0809137372934833,0.0302718589272594,0.323290845886443,0.0949749660304606,0.480577691489813,-9999,0.431782416425538,0,0,1,0,0,0,0,0
"244","carnivore",0,-0.849259249235667,0.0631153563556209,0.10287610619469,0.174772036474164,-0.330178949645424,0.488991888760139,-9999,0.444180522565321,0.0520915361588833,0.129642412478585,-9999,1.1940917697314,-0.0748829301659114,0.67037532405036,0.170593608937386,0.887255897362181,0.170593608937386,0.0809764163986433,0.0302718589272594,0.323290845886443,0.0950485375410904,0.479917105244574,-9999,0.429124381650627,0,0,1,0,0,0,0,0
"245","carnivore",0,-0.847772356244268,0.0631292716983905,0.102535832414553,0.175038051750381,-0.326926914259047,0.487861271676301,-9999,0.445238095238095,0.0520613543696588,0.16906815582071,-9999,1.19322981186542,-0.0769258317957118,0.673627359436737,0.17074150343035,0.887186944502414,0.170494767153717,0.0806827624591395,0.0302785331079591,0.322543352601156,0.0949934665038798,0.477874203614773,-9999,0.429998294632036,0,0,1,0,0,0,0,0
"246","carnivore",0,-0.84661024106409,0.0631153563556209,0.102535832414553,0.175038051750381,-0.326926914259047,0.487861271676301,-9999,0.445238095238095,0.0520494999889154,0.16906815582071,-9999,1.19356639971056,-0.0807365591104252,0.673627359436737,0.170702625556064,0.887711337320826,0.170702625556064,0.0806643909780821,0.0302718589272594,0.322543352601156,0.0949718364726655,0.477874203614773,-9999,0.429998294632036,0,0,1,0,0,0,0,0
"247","carnivore",0,-0.846093941072591,0.0629684055841293,0.102990033222591,0.174772036474164,-0.331434442591256,0.488991888760139,-9999,0.444180522565321,0.0521251071444827,0.192054960418524,-9999,1.1936929008731,-0.0779020668047322,0.672079845352468,0.170456511515133,0.886648846192973,0.170456511515133,0.0807815641528239,0.0302718589272594,0.323290845886443,0.0946157158120231,0.481369282165706,-9999,0.432376417037004,0,0,1,0,0,0,0,0
"248","human",0,0.0776475660665167,0.0586440677966102,0.0816326530612245,0.118778280542986,-0.45740045709241,0.541880341880342,-9999,0.365131578947368,0.0482293123426535,-0.0900115431370171,-9999,1.26377534820675,-0.0648450543799583,0.450393581208926,0.168802593199287,0.854158031581201,0.150844870518512,0.0600301015328772,0.0327683615819209,0.278632478632479,0.0815793687498075,0.329694645687983,-0.587165127920084,0.124628173921816,0,0,0,1,0,0,0,0
"249","camelid",0,-0.0120174326547907,0.0581070510671583,0.0764525993883792,0.12817679558011,0.205991300879859,0.529605263157895,0.44002428404294,0.366336633663366,0.0451505276527292,0.139433602001447,-9999,1.25148714943402,-0.288308899384926,0.665283274530667,0.163927199830079,0.861683311394951,0.141095398914779,0.0641342722339903,0.0326293440607889,0.297697368421053,0.085683387704611,0.460665438590424,-0.196153741434093,-0.369720465120309,0,1,0,0,0,0,0,0
"250","swine",0,-0.363962204548068,0.0603091661223601,0.111111111111111,0.191980558930741,0.285727801749681,0.52901023890785,-9999,0.463722397476341,0.0420479132333158,0.222966020763695,-9999,1.18170970370612,-0.0185311987074018,0.512726913616449,0.172421324678626,0.89813076962528,0.166450023391055,0.0821053927041077,0.0314609187894622,0.33617747440273,0.0918087572964114,0.32292011664157,-0.158529183538504,-9999,0,0,0,0,0,1,0,0
"251","swine",0,-0.589993146032501,0.0533916849015317,0.11304347826087,0.127659574468085,-0.932851865246164,0.487644151565074,-9999,0.185758513931889,0.0562863259008253,-0.508465131392704,-9999,1.21645318310962,-0.363737325152833,0.332178665991962,0.154333474244198,0.920622167200924,0.136695362902004,0.0853373328173803,0.0331509846827133,0.273476112026359,0.102456676178922,0.268654257448079,-0.289412815348124,-9999,0,0,0,0,0,1,0,0
"252","swine",0,-0.636427257789465,0.0491039426523298,0.0862745098039216,0.187592319054653,-0.32001990215128,0.437209302325581,-9999,0.22884012539185,0.052858423075138,0.0869430706454076,-9999,1.17541156725624,0.0448110224992533,0.314078249555866,0.154120907730318,0.978021856206776,0.172532268576715,0.103341186686225,0.0248506571087216,0.322480620155039,0.136303461749935,0.0890872015301115,-0.0598005230767444,-9999,0,0,0,0,0,1,0,0
"253","bird",0,0.218461744101119,0.0609327130375582,0.0626029654036244,0.233250620347394,-9999,0.402684563758389,0.470533817761662,0.336477987421384,0.0391634163763921,0.217657140854962,-9999,1.10036170867,-0.263371618234554,-0.467808672760852,0.146089849246147,0.909776159902375,0.131661222160108,0.0834799138549411,0.032678996936344,0.379194630872483,0.106153470704431,0.327249500659131,-0.0874003685339686,-0.195084572635663,1,0,0,0,0,0,0,0
"254","bird",0,0.148506558453801,0.0605923068194712,0.06957928802589,0.237745098039216,-9999,0.394915254237288,0.450744315227729,0.342767295597484,0.0383966869915461,0.392050984058712,-9999,1.11626394455174,-0.228339177324953,-0.129334966375272,0.146886654934103,0.895812175534057,0.135805731842583,0.0860704258736672,0.0324520594576194,0.376271186440678,0.106428400855762,0.22862835120478,-0.0197935698710594,0.143545664331825,1,0,0,0,0,0,0,0
"255","bird",0,0.147504574139637,0.0611596505162828,0.0724876441515651,0.244084682440847,-9999,0.39202657807309,0.390520921394284,0.336477987421384,0.0378134713574951,0.458169672544393,-9999,1.10273501665446,-0.227867199513919,-0.331213236568644,0.144823022954216,0.904636233830386,0.132218532501718,0.0872024951713663,0.0325655281969817,0.382059800664452,0.10675231709769,0.252724439593172,-0.476412043393912,-0.159181653846142,1,0,0,0,0,0,0,0
"256","bird",0,0.129462586296371,0.0612848209209778,0.053781512605042,0.22716049382716,-9999,0.422945205479452,-9999,0.330128205128205,0.0425326575092674,0.208024310132203,-9999,1.14570227637393,-0.162491099796989,0.54798870745912,0.142806619758389,0.916579248745926,0.138682240848399,0.0850653150185348,0.0321773735076748,0.381849315068493,0.1085227200691,0.229287800666457,-1.12965635302682,0.670183864155606,1,0,0,0,0,0,0,0
"257","bird",0,-0.0740893230870694,0.0605923068194712,0.0690789473684211,0.244416873449131,-9999,0.402684563758389,0.430782916092454,0.35202492211838,0.0370874808753,0.308603670621754,-9999,1.09333386848997,-0.21817253859219,-0.317320207504426,0.143713988391787,0.899546059416153,0.13418456622244,0.0847345917220395,0.0329059344150687,0.374161073825503,0.106368955565965,0.330791919810691,-0.0664542305357102,-0.126662278151778,1,0,0,0,0,0,0,0
"258","bird",0,0.155654986795397,0.0615000567343697,0.0692431561996779,0.234718826405868,-9999,0.400679117147708,0.371291195976033,0.34185303514377,0.0386135232193087,0.376508467068307,-9999,1.1032809989283,-0.255977764293578,-0.399436396319893,0.144672000328343,0.896087377698569,0.133087943362551,0.0857220215468653,0.0327924656757063,0.380305602716469,0.107860441525936,0.292006258115419,-0.0232688385023063,0.149564791790065,1,0,0,0,0,0,0,0
"259","bird",0,0.280991152402343,0.0602519006013843,0.0702614379084967,0.238271604938272,-9999,0.405723905723906,0.334254940812566,0.341692789968652,0.0358536940787153,0.487345185338458,-9999,1.09345406824799,-0.393699052253315,-0.00488447335947513,0.14728387999242,0.907838271097752,0.133097166508037,0.0864099821321555,0.0327924656757063,0.372053872053872,0.103176098068245,0.259367107540334,-0.0692681231851925,-0.284080443434974,1,0,0,0,0,0,0,0
"260","human",0.227305340909208,0.123007972324268,0.0586856752270286,0.101092896174863,0.170491803278689,0.546964670381864,0.529411764705882,0.634851330725216,0.298850574712644,0.0278943358593814,0.402501550645361,-9999,1.03868897567299,-0.0845254972221796,-9999,0.148621021458784,0.905556178343105,0.109792105942525,0.0825672341437688,0.0341763499658237,0.281733746130031,0.0957333606693968,-0.0447742292377791,-0.342326942173136,-0.914076651293991,0,0,0,1,0,0,0,0
"261","carnivore",0,-0.0306584136717065,0.0593837153935106,0.0915157292659676,0.173791170287316,0.447968185424472,0.531284302963776,0.570358992943342,0.288065843621399,0.0284965358624948,0.496164659852132,-9999,1.05592139459716,-0.0385369902521505,-0.0642154661322381,0.149551587433403,0.900696737700178,0.10470820154126,0.0775370859514395,0.0347595401673356,0.285400658616905,0.0945466461174247,-0.113907649679611,-0.316872595409029,-1.31922574863374,0,1,0,0,0,0,0,0
"262","yangochiroptera",0,-0.258575424846865,0.0529287706646711,0.0980036297640653,0.181818181818182,-0.726499485820191,0.482511210762332,0.718957267774217,0.24765478424015,0.0483874808090166,-0.20652690332509,-9999,1.09604659633347,-0.0751386365813477,0.527360674155207,0.151302985676925,0.925363215194687,0.15203985086691,0.0933362573981031,0.0312946458942785,0.28609865470852,0.119372160777574,0.193117130638602,0.105786881929738,1.05204188123699,0,0,0,0,0,0,1,0
"263","yangochiroptera",0,-0.0191736795822143,0.0534049935369753,0.0991735537190083,0.171875,-1.35069402947467,0.463045414069457,0.739912264202436,0.238721804511278,0.0505787661105592,-0.0237259077730623,-9999,1.11223815458976,-0.388889831516309,0.363396934845262,0.149772074405054,0.920684744312112,0.153700522258301,0.092072996560484,0.0317028369276822,0.301869991095281,0.119817659524043,0.253046061843102,-0.385526044481668,1.13201455367595,0,0,0,0,0,0,1,0
"264","swine",0,-0.256495161142956,0.0601876820191996,0.113707165109034,0.194278903456496,0.302949544582569,0.532883642495784,-9999,0.467084639498433,0.0424292826005426,0.251950810655875,-9999,1.18486507136767,0.0476317444875834,0.387632631812608,0.172694623917998,0.89451157948687,0.16649151242669,0.0821291961449098,0.031496062992126,0.330522765598651,0.0910616766923925,0.318828509531042,-0.158681602713132,-9999,0,0,0,0,0,1,0,0
"265","carnivore",0,-2.11303165696388,0.0573815543585798,0.102985074626866,0.163398692810458,-0.874588067988306,0.43716814159292,-9999,0.339160839160839,0.0578888189617331,0.338910429666024,-9999,1.29310163621501,-0.190234279214384,-0.274222620879327,0.157306573265579,0.868763620558868,0.173666456885199,0.0817994180981011,0.033747389249203,0.330973451327434,0.0853230853392501,0.251742486127787,-9999,0.941764560007649,0,0,1,0,0,0,0,0
"266","carnivore",0,-1.31985447060856,0.0569141353218554,0.0980392156862745,0.176728869374314,-9999,0.455985915492958,-9999,0.320557491289199,0.0528734770527689,0.39034096063185,-9999,1.28653017164443,-1.6769484957114,0.151908105509087,0.157861481726927,0.86825988790029,0.171269588347964,0.0789307408634636,0.0336659721460687,0.311619718309859,0.0943627126348459,0.353409510725928,-9999,0.833808323420337,0,0,1,0,0,0,0,0
"267","human",0.233016524526644,0.0645843412021854,0.0591049536529453,0.0986111111111111,0.169230769230769,0.566952577999277,0.536891679748823,0.680705120266368,0.310240963855422,0.0278866789176185,0.403593463814031,-9999,1.03755290759717,-0.0846117981639074,-9999,0.147910944979049,0.893927373571664,0.108423407631701,0.0823214761648099,0.0345858666400877,0.273155416012559,0.0952608951825848,-0.0322084532660841,-0.578589224935014,-0.80274090234336,0,0,0,1,0,0,0,0
"268","human",0.231383443286186,0.104534947876592,0.0590052825675272,0.0987482614742698,0.169045005488474,0.566952577999277,0.538582677165354,0.640672518472062,0.313253012048193,0.0281033753131057,0.398178524308389,-9999,1.04288939984821,-0.0846117981639074,-9999,0.148323369708058,0.891934777222786,0.109067861334196,0.0820796993271659,0.034785208810924,0.27244094488189,0.0959083443225036,-0.0311825115082078,-0.591389092246486,-0.80771896394267,0,0,0,1,0,0,0,0
"269","yangochiroptera",0,0.192893471507148,0.0513502454991817,0.0809716599190283,0.156431054461182,-0.06039571028974,0.484419263456091,0.783446906637288,0.241847826086957,0.0494744983822572,0.270270745759198,-9999,1.10829021078926,-0.100933242893648,0.567217428891133,0.154141653251253,0.914283840461519,0.132014867542606,0.0909932985321916,0.030994271685761,0.276203966005666,0.109639466264198,0.205635001646876,-1.13323802751595,0.639731371568387,0,0.665639158889362,0,0,0,0,0.334360841110638,0
"270","rodent",0,0.0658993274218567,0.0510022271714922,0.118210862619808,0.139400921658986,0.172533550427792,0.468646864686469,0.477057201292396,0.230769230769231,0.0500174591882685,-0.285348418043614,-9999,1.16396396582934,-0.0365049867040616,-0.154222264350715,0.150825843428542,0.905848201989652,0.123754538197778,0.0825030254651851,0.037750556792873,0.285478547854785,0.110863440468843,0.293905862776264,-0.353778622327354,1.16523197600951,0,0,0,0.230425450988915,0.538592153879591,0,0,0.230982395131493
"271","carnivore",0,-0.44873692953915,0.0609470914937153,0.10838445807771,0.201309328968903,0.147498100106231,0.507936507936508,-9999,0.522935779816514,0.0390059210970946,0.364446237853722,-9999,1.17723305125439,0.529535470456408,0.233032961886978,0.176374599743384,0.89582051608552,0.178797327761838,0.0789809334015705,0.0287927506577024,0.349206349206349,0.0932750287104437,0.36379113576998,-9999,0.544252754621514,0,0,1,0,0,0,0,0
"272","yinpterochiroptera",0,-0.0352642928368279,0.0610640870616687,0.0858324715615305,0.119969627942293,0.109320916873923,0.528052805280528,-9999,0.335766423357664,0.0423742937555406,-0.055443920074228,-9999,1.26446762498156,-0.171228873411176,0.927534424168136,0.165010485095105,0.851479603617321,0.154043020828965,0.0608195745667759,0.0318923821039903,0.304730473047305,0.0917278829531702,0.39732370773769,-9999,0.502438319511769,0,0.507491121067753,0,0,0,0,0,0.492508878932248
"273","yinpterochiroptera",0,0.0067802011667848,0.0607045660719686,0.093716719914803,0.121621621621622,-0.425832410932598,0.510845986984816,0.570706653678457,0.332541567695962,0.0442236089839594,-1.7898653066288,-9999,1.21560664826571,-0.811678025157786,0.646648892681977,0.17203750778153,0.855802861416243,0.137527755106186,0.0672301107675221,0.0325824009676444,0.297180043383948,0.0892141013607042,0.426413009006272,-9999,0.70914070498291,0,0.503531594941296,0,0,0,0,0,0.496468405058704
"274","carnivore",0,-0.85510684402052,0.0646415731161494,0.105320304017372,0.198776758409786,-0.194006515262925,0.481651376146789,-9999,0.427884615384615,0.0474863379903443,-0.51910171958704,-9999,1.18378770773548,-0.146446013266631,0.549672792265408,0.175920889446094,0.891746894621211,0.168785636587442,0.0762733926269779,0.0303764032577592,0.341743119266055,0.0920201575564185,0.311386252324745,-9999,-0.0667657747673204,0,0,1,0,0,0,0,0
"275","swine",0,-0.228203193477791,0.049468275779663,0.087890625,0.192592592592593,-0.352119127402872,0.428351309707242,-9999,0.227848101265823,0.0545574605491611,0.083906460315626,-9999,1.17776114162663,0.312387776874813,0.402458152262325,0.153591111763399,0.972134215955144,0.174346667407102,0.10407428615628,0.0250926036563508,0.328197226502311,0.133132064057464,0.124745387199555,-0.238521597992141,-9999,0,0,0,0,0,1,0,0
"276","yinpterochiroptera",0,0.026018777514899,0.0542675953841356,0.0896656534954407,0.181132075471698,0.256578327400447,0.510869565217391,0.904839057271434,0.367688022284123,0.0448038688432183,-0.0862302899550166,-9999,1.20630461178574,-1.74179825576984,0.766127626806833,0.14951125293538,0.934776736677505,0.183671108738497,0.0814390765161261,0.030772429566483,0.282608695652174,0.113123580449452,0.212668713183247,-0.681036774981924,0.516131264246809,0,0,0,0,0,0,0,1
"277","swine",0,-0.464786411379155,0.0506793365007919,0.0791268758526603,0.187872763419483,-0.331721633862615,0.449579831932773,-9999,0.202764976958525,0.0531304117183697,-0.0352888882565734,-9999,1.17499404314239,-0.319136227757392,0.172546589357216,0.152267604533652,0.968399817616682,0.170670316972417,0.10240219018345,0.0236725848128699,0.315126050420168,0.134755345922569,-0.0283708181177312,-0.019919693291409,-9999,0,0,0,0,0,1,0,0
"278","human",0,0.0602502385716861,0.0603726122160208,0.0819490586932447,0.110510046367852,-0.297173669133352,0.539812646370023,-9999,0.362530413625304,0.0474101463772253,-0.257313636606159,-9999,1.27154941163132,-0.200749408682683,0.513155766049586,0.169061456037468,0.841476496542898,0.15082678435392,0.059913921245944,0.0334093231664177,0.285714285714286,0.0815350319564369,0.380451665123128,-0.133120379208331,0.159748434978129,0,0,0,1,0,0,0,0
"279","human",0,0.0126856705541243,0.0600417278417433,0.0831509846827133,0.108580106302202,-0.291032159337063,0.53970080552359,-9999,0.370283018867924,0.048426874067061,-0.248237992830726,-9999,1.26850340115596,-0.215375099479793,0.491351874972904,0.166435519819952,0.843990794633739,0.149613553038762,0.060661031726108,0.0333049996136311,0.286536248561565,0.0818159293448768,0.344310778501468,-0.327939378317729,0.135853780165784,0,0,0,1,0,0,0,0
"280","human",0,0.0126856705541243,0.0600417278417433,0.0831509846827133,0.108580106302202,-0.291032159337063,0.53970080552359,-9999,0.370283018867924,0.0483552207618761,-0.248237992830726,-9999,1.26850340115596,-0.215375099479793,0.491351874972904,0.166189258723711,0.843990794633739,0.149392182038007,0.060825777695202,0.0333049996136311,0.286536248561565,0.0816948729713801,0.344310778501468,-0.327939378317729,0.135853780165784,0,0,0,1,0,0,0,0
"281","human",0,0.0512155495651017,0.0600417278417433,0.0841530054644809,0.112793338380015,-0.435790437823077,0.542725173210162,0.156908232524711,0.369411764705882,0.0484192878135634,-0.254429963078647,-9999,1.2695301511035,-0.273345793098787,0.371911404471181,0.16717396213525,0.842005433699422,0.150099792222046,0.0603966905884975,0.0333049996136311,0.288683602771363,0.0815482742123172,0.376588685207366,-0.320763835918905,0.140783497853416,0,0,0,1,0,0,0,0
"282","human",0,0.0439434169329472,0.0603508229657677,0.0828789531079607,0.110773899848255,-0.302104593117005,0.541135573580533,-9999,0.370546318289786,0.0488291296841189,-0.266339222867937,-9999,1.27330849763925,-0.206058110808789,0.485414240665001,0.16810445167293,0.843458933655922,0.150047846425157,0.0592561834187485,0.0333049996136311,0.286210892236385,0.0811275644230934,0.373731470651005,-0.322931428976741,0.141065094151608,0,0,0,1,0,0,0,0
"283","yinpterochiroptera",0,-0.426867311369286,0.0569008118602189,0.0858638743455497,0.207746478873239,-0.136003581769912,0.542521994134897,0.616058486271029,0.359767891682785,0.0411942972984616,-0.361595926386899,2.32027151211214,1.1806775818425,-9999,0.713364244166998,0.161302971349398,0.913133891937139,0.194308040871659,0.0848701787715292,0.0312742675608895,0.279569892473118,0.111174971022354,0.0254103727011563,-0.693324468809998,0.30128012122649,0,0,0,0,0,0,0,1
"284","yinpterochiroptera",0,-0.305487658114466,0.0569714084009884,0.0910041841004184,0.206713780918728,0.0082487139068732,0.524975514201763,1.41991159687806,0.361003861003861,0.0426558269787618,-0.370181589849463,2.42686041801923,1.18152463997794,-9999,0.239525669503815,0.162439341110982,0.916841733867319,0.191703222410365,0.0855596529515861,0.03120367102012,0.285014691478942,0.11011155336378,-0.0773083017271198,-1.24882527229905,0.184103059921091,0,0,0,0,0,0,0,1
"285","yinpterochiroptera",0,-0.15695245914777,0.0570462708641454,0.0889121338912134,0.211691762621789,-0.0498813633375976,0.533138401559454,0.797009995195944,0.37137330754352,0.0386202293651385,-0.440061272630657,2.26625940396156,1.19131332095185,-9999,0.269884957244765,0.159679794490476,0.927606884311791,0.193101146825692,0.087143081644415,0.031551517712515,0.286549707602339,0.109176417628372,-0.0306549350212508,-0.777899329586771,-0.301630656025869,0,0,0,0,0,0,0,1
"286","yinpterochiroptera",0,-0.178937040651771,0.0560067801398404,0.0908141962421712,0.202872531418312,-0.00836824967051658,0.529013539651838,0.639626260605915,0.349236641221374,0.043956794294233,-0.275461094197401,2.26423824627426,1.19350387076033,-1.55027690600831,0.569059714029006,0.161671599353366,0.92280766914678,0.197433059118165,0.0903970232943549,0.0310050144784236,0.287234042553192,0.10927112705911,-0.0423790294545747,-0.599324002299421,0.429003960286436,0,0,0,0,0,0,0,1
"287","yinpterochiroptera",0,-0.371985469655969,0.0568446293814796,0.0841995841995842,0.208,0.0225361650224131,0.532875368007851,0.100386549812213,0.35672514619883,0.0391303428382533,-0.314944170776508,2.47101753762733,1.18028368741025,-9999,0.387567352999125,0.160979258511802,0.927061360678142,0.191689147827899,0.0864334788009519,0.0315254954510191,0.280667320902846,0.109465895788025,-0.0821624598431319,-0.861210123841101,0.158834774275245,0,0,0,0,0,0,0,1
"288","yinpterochiroptera",0,-0.460856177339497,0.0569008118602189,0.0802083333333333,0.201940035273369,0.0458284526751038,0.541382667964946,0.0222922363265969,0.347908745247148,0.0426481842047344,-0.336210596133874,2.34974463472825,1.18699368278171,-9999,0.659505717939942,0.160922509005073,0.920521717890869,0.193156601717954,0.0852963684094688,0.0311330744793505,0.273612463485881,0.109843869783124,0.00886562256922647,-0.952897473226792,0.327861028365104,0,0,0,0,0,0,0,1
"289","yinpterochiroptera",0,-0.316794641822896,0.0566850204715516,0.0829875518672199,0.206896551724138,-0.123842247855653,0.528543307086614,0.0710542646686512,0.355769230769231,0.0404069106230118,-0.337734896217837,2.44129431432793,1.18442706693842,-9999,0.416044170173462,0.161131852177654,0.919885763394265,0.193358222613185,0.0835406679751839,0.0312720598616405,0.284448818897638,0.112792296524358,-0.101193053668653,-0.864089129764295,0.0619665320205465,0,0,0,0,0,0,0,1
"290","yinpterochiroptera",0,-0.107087691464581,0.0563105442888006,0.0876288659793814,0.216783216783217,-0.110000895214328,0.521865889212828,0.16198275242735,0.36,0.0403885854860852,-0.379927645323473,2.40727874403264,1.18000736431801,-1.5913778235969,0.0507723253734234,0.158634685162214,0.929379741230695,0.188561167179012,0.0866164845364236,0.0312913791901875,0.287657920310982,0.108757215134217,-0.0874265731757897,-0.789408298319473,0.142531308213372,0,0,0,0,0,0,0,1
"291","yinpterochiroptera",0,-0.313427341340291,0.0567060458651842,0.088477366255144,0.212784588441331,-0.145550157696832,0.52621359223301,0.721477913292565,0.357414448669202,0.0379246568386453,-0.395428434698759,2.25381902938699,1.17617770133857,-9999,0.525892176347945,0.158991830592782,0.92460035151651,0.1886508570948,0.086059798210772,0.0312717164697707,0.292233009708738,0.108668728249195,0.0362366790263934,-0.831908073485831,0.302968930775901,0,0,0,0,0,0,0,1
"292","yinpterochiroptera",0,-0.0906929320173322,0.056558533145275,0.0833333333333333,0.208849557522124,-0.147230236982684,0.53248031496063,0.866741986215663,0.360153256704981,0.0368277180318717,-0.416060221438336,2.4395764022887,1.18870020190898,-9999,0.522971023603407,0.161893659804537,0.923289889382988,0.190070571587311,0.0847779012411544,0.0313822284908322,0.286417322834646,0.107517163381639,0.0177295906401606,-0.805633757486437,0.292178782547086,0,0,0,0,0,0,0,1
"293","swine",0,0.275255051155574,0.0562644428815433,0.106206896551724,0.167386609071274,1.01160091167848,0.531001589825119,0.414792592659537,0.305084745762712,0.0295751346360692,0.810223209890085,-9999,1.03810847611291,-0.570583083744464,-0.365386884540754,0.151487903364904,0.892122052206035,0.102497031486835,0.0815009435390914,0.0351652768009645,0.281399046104928,0.0979817437561376,-0.0246682464154942,-0.163882293565815,0.0157617344471534,0,0,0,0,0,1,0,0
"294","swine",0,0.280806765623081,0.0562644428815433,0.106206896551724,0.168103448275862,1.02165124753198,0.532591414944356,0.414792592659537,0.305084745762712,0.0293847146229346,0.810223209890085,-9999,1.03643495503128,-0.57667881432747,-0.355336548687253,0.151218262174948,0.892554310278368,0.10216839238128,0.0813730558788958,0.0351652768009645,0.279809220985692,0.0978737033210053,-0.0315185776607715,-0.166871832414181,0.0157617344471534,0,0,0,0,0,1,0,0
"295","swine",0,0.248555274809209,0.0560578661844485,0.103967168262654,0.171336206896552,1.18215230090228,0.530903328050713,0.469123445614331,0.303977272727273,0.0313673274709692,0.753547813126928,-9999,1.03573956236293,-0.669296827777279,-1.11849543275154,0.149917373942132,0.896091300807979,0.10032931948435,0.0804940977012372,0.0349608197709464,0.282091917591125,0.10032931948435,-0.0830602074724887,-0.158079234269185,0.0192832816599934,0,0,0,0,0,1,0,0
"296","swine",0,0.29420346161834,0.0560578661844485,0.104109589041096,0.171521035598705,1.18215230090228,0.532488114104596,0.464980679578595,0.303977272727273,0.0315972670008279,0.746480645903835,-9999,1.03662356120467,-0.669296827777279,-1.11849543275154,0.150144677500285,0.894990958562319,0.100327088652264,0.0804923079072186,0.0348603576451678,0.282091917591125,0.100557725637671,-0.0889081773549117,-0.163833702835717,0.0239236612164957,0,0,0,0,0,1,0,0
"297","swine",0,0.273482902470471,0.0562644428815433,0.106353591160221,0.167206040992449,1.02165124753198,0.531746031746032,0.413412330190578,0.305084745762712,0.0293717501685444,0.810223209890085,-9999,1.03709653485281,-0.57667881432747,-0.355336548687253,0.151151545098125,0.893103743512684,0.102123315970631,0.0813371543128921,0.0351652768009645,0.280952380952381,0.0980564582549866,-0.0285988675574365,-0.165283269729043,0.0157617344471534,0,0,0,0,0,1,0,0
"298","swine",0,0.29420346161834,0.0560578661844485,0.104109589041096,0.171521035598705,1.18215230090228,0.532488114104596,0.464980679578595,0.303977272727273,0.0315972670008279,0.746480645903835,-9999,1.03662356120467,-0.669296827777279,-1.11849543275154,0.150144677500285,0.894990958562319,0.100327088652264,0.0804923079072186,0.0348603576451678,0.282091917591125,0.100557725637671,-0.0889081773549117,-0.163833702835717,0.0239236612164957,0,0,0,0,0,1,0,0
"299","swine",0,0.271932041318108,0.0562644428815433,0.106206896551724,0.167386609071274,1.00978107496149,0.531001589825119,0.414792592659537,0.305084745762712,0.0295737757801862,0.810223209890085,-9999,1.03876993760294,-0.568245857688285,-0.36720672125774,0.151255189104769,0.892122052206035,0.1024923221695,0.0814971989057038,0.0351652768009645,0.281399046104928,0.0979772418977159,-0.0505806964277425,-0.163882293565815,0.0157617344471534,0,0,0,0,0,1,0,0
"300","swine",0,0.29420346161834,0.0560578661844485,0.104395604395604,0.17170626349892,1.18215230090228,0.532488114104596,0.462237193632844,0.303977272727273,0.0315763580265283,0.746480645903835,-9999,1.03662356120467,-0.669296827777279,-1.11849543275154,0.150506290447613,0.895849008434154,0.100260698843356,0.0806695278049994,0.0348603576451678,0.282091917591125,0.100491183208514,-0.0901230343141917,-0.163833702835717,0.0239236612164957,0,0,0,0,0,1,0,0
"301","human",0,-0.251284764310127,0.0546909737661183,0.0413105413105413,0.109010011123471,0.0109490144896703,0.6,-9999,0.236486486486487,0.0279500263143375,-0.200532565393134,-9999,1.2975421998206,-0.125448083830702,-0.182489382410624,0.152433336789958,0.917255026982881,0.107337496013884,0.0504979467023744,0.0331258337038684,0.266666666666667,0.0584836685064709,0.12220729892977,-0.89022915293702,0.910649851984069,0,0,0,1,0,0,0,0
"302","human",0.228001678826049,0.116112206940902,0.0589786153695928,0.0993197278911565,0.171210468920393,0.539996001065771,0.526315789473684,0.646576801046016,0.303468208092486,0.0285607599815161,0.40427053841472,-9999,1.03837689733529,-0.0812105522642825,-9999,0.147935811466759,0.903369505604366,0.109111028366886,0.0821121849468587,0.0343716433941998,0.281733746130031,0.0961694340002611,-0.0652443571240679,-0.342431989707242,-0.85530183487317,0,0,0,1,0,0,0,0
"303","human",0.227860457853341,0.116112206940902,0.0589786153695928,0.0993197278911565,0.171210468920393,0.539996001065771,0.526315789473684,0.646576801046016,0.302593659942363,0.0286052646911165,0.40427053841472,-9999,1.03837689733529,-0.0812105522642825,-9999,0.147719374693969,0.903096728522625,0.109281050265281,0.0822401359869601,0.0343716433941998,0.281733746130031,0.096319289702119,-0.0652443571240679,-0.342431989707242,-0.852415829984035,0,0,0,1,0,0,0,0
"304","carnivore",0,-1.30314942529561,0.0643502534342173,0.0891304347826087,0.172754946727549,-0.676900564122985,0.460919540229885,-9999,0.430588235294118,0.0532752391008492,-0.748381022879363,-9999,1.21436773541546,-0.225921661165701,0.51515720562508,0.174733008977556,0.886829600994566,0.171800427008702,0.0760027493594684,0.0302651876882392,0.32183908045977,0.0957976776492335,0.251836113811222,-9999,0.148662499503655,0,0,1,0,0,0,0,0
"305","carnivore",0,-1.30120822935803,0.0643502534342173,0.0871459694989107,0.175171363290175,-0.679071452325761,0.460919540229885,-9999,0.425882352941176,0.0535778138083348,-0.73542726611012,-9999,1.21601992015224,-0.22328687844964,0.478001971844933,0.174496549559256,0.88848721383089,0.173759240194921,0.0761886343146045,0.0302651876882392,0.325287356321839,0.0968332965159812,0.251271021992117,-9999,0.155489054398939,0,0,1,0,0,0,0,0
"306","carnivore",0,-1.31281310026513,0.0643502534342173,0.0883315158124318,0.173018292682927,-0.688058111052474,0.458094144661309,-9999,0.430588235294118,0.0529577394889615,-0.729144522930625,-9999,1.21500520195198,-0.216615156873838,0.47153738255093,0.173583701658263,0.88937377320142,0.172603002778837,0.0769848620348792,0.0302651876882392,0.323765786452354,0.0965988396233834,0.260257747698907,-9999,0.139371716456425,0,0,1,0,0,0,0,0
"307","human",0,0.054409516414012,0.0600417278417433,0.0831509846827133,0.11085801063022,-0.300754154019134,0.542099192618224,-9999,0.369047619047619,0.0487611540199933,-0.245650434358591,-9999,1.27118587391223,-0.196407912924395,0.481629880290834,0.168354300195345,0.843069454257985,0.150389664503769,0.0600532107404128,0.0331504520516189,0.284890426758939,0.0816107735703046,0.376603524663639,-0.126634805729705,0.138126737356974,0,0,0,1,0,0,0,0
"308","human",0,-0.245214715338676,0.0556789461591483,0.0387673956262425,0.116244411326379,0.221625606752984,0.603448275862069,-9999,0.243243243243243,0.0280012061125284,-0.120486741814658,-9999,1.3136033982672,-0.372356233159324,-0.327032041846131,0.15271246022715,0.906165093112657,0.107534043642231,0.0505904144049882,0.0336218120548365,0.26790450928382,0.0585907590085677,0.100989979317352,-1.19671628350811,1.09167453802497,0,0,0,1,0,0,0,0
"309","human",0,0.00633249990582369,0.060034039919542,0.0831509846827133,0.109173616376042,-0.289690777512862,0.541905855338691,-9999,0.364485981308411,0.0464867010230258,0.0993257105477012,-9999,1.26485713750642,0.0276922477516048,0.237136786434339,0.167301039396054,0.843993553537709,0.149932381870968,0.0605348799036106,0.0333436484604673,0.285878300803674,0.0817348589415839,0.37524910027831,-0.326975104604199,0.164072378141835,0,0,0,1,0,0,0,0
"310","human",0,-0.0130841193090436,0.0551068397914324,0.0320102432778489,0.195121951219512,-0.403821722364434,0.670565302144249,1.31749988265016,0.340983606557377,0.0202263910844278,0.0957904872102924,-9999,1.08614555532621,-0.287916621532251,0.391290384852199,0.143926740769191,0.929987637581313,0.0753699204619729,0.0485433386026266,0.0362948573765464,0.230019493177388,0.0557822575170534,0.189273194420981,0.0308265705332218,0.586232104009365,0,0,0,1,0,0,0,0
"311","human",0,0.09197591577631,0.0558364938895912,0.0277264325323475,0.208083832335329,0.27811262143563,0.665775401069519,-9999,0.360189573459716,0.020953233030451,-0.186968972258752,-9999,1.11370241028833,-0.0303322501665023,-0.55970649499703,0.144296491384962,0.90263029108268,0.0781966016187965,0.0466587457172929,0.0359601067565669,0.231283422459893,0.05486722876015,0.138011926840652,-0.242859167670382,0.209948786140167,0,0,0,1,0,0,0,0
"312","human",0,0.101103070031406,0.0561090355610904,0.029143897996357,0.208271787296898,0.282908793699123,0.656167979002625,-9999,0.355140186915888,0.0217137499361733,-0.188957410156932,-9999,1.10222037148591,-0.0222530246326978,-0.567115661455249,0.144545453006487,0.90568443306186,0.0777011639872869,0.0478979778003824,0.0358378303583783,0.232283464566929,0.0559874140511136,0.144161587686954,-0.228945018863708,0.227403651088865,0,0,0,1,0,0,0,0
"313","human",0,0.0471982829892944,0.0601190016227494,0.0843373493975904,0.110271903323263,-0.293720332998863,0.542725173210162,-9999,0.369411764705882,0.0483200819494551,-0.269751115123309,-9999,1.27155073664539,-0.253812085275586,0.495884610641663,0.168357338160733,0.841300906676548,0.149792254043311,0.0600186281056389,0.0333049996136311,0.286374133949192,0.0813811906517138,0.379342878097026,-0.331114004419085,0.144902511910404,0,0,0,1,0,0,0,0
"314","yangochiroptera",0,-0.960798836176385,0.0562785789658811,0.103678929765886,0.0911330049261084,0.102311375263309,0.437299035369775,0.381289670019246,0.21656050955414,0.0617958820897912,-0.205318241341288,-9999,1.23306821619223,-1.54520136925443,0.480582646052603,0.161807638629848,0.850702617369858,0.155844878077324,0.0861889934410245,0.0349396177746512,0.30064308681672,0.12440486789129,0.463281083484909,-0.411401507518059,1.03920422305862,0,0,0,0,0,0,0.547341753006126,0.452658246993874
"315","yangochiroptera",0,-0.986525304819187,0.0559203079012905,0.0956239870340357,0.0862884160756501,0.055825161112304,0.456923076923077,0.833056256785904,0.2,0.05870098225456,-0.420180940462114,-9999,1.22399526529796,-9999,0.618117224448513,0.165759161344374,0.843454450847692,0.148174726131555,0.0827502833544458,0.0350916911931175,0.295384615384615,0.121022289405877,0.265353592667349,-0.731035099126781,-0.109218609850457,0,0,0,0.452157568915113,0,0,0.547842431084887,0
"316","yinpterochiroptera",0,-0.354987064411505,0.0555986266474693,0.0836012861736334,0.215277777777778,-0.0464260968745513,0.538694992412747,1.2394413832608,0.353932584269663,0.0419645522639117,-0.464085150373164,2.51273550699314,1.16609911454008,-1.22611502701248,0.838918604907861,0.163885233693383,0.914583153823733,0.190454506428522,0.0874054579698043,0.0302359065234245,0.2701062215478,0.110498377262963,0.0150784898000739,-0.153645616624126,0.101808778117217,0,0,0,0,0,0,0,1
"317","yinpterochiroptera",0,-0.355009160963106,0.0558201351201683,0.0821256038647343,0.215277777777778,-0.0446321540207682,0.538694992412747,1.2612641880484,0.352941176470588,0.0417499580615066,-0.460109001993524,2.51280457810188,1.16580749776294,-1.22254101159574,0.836141635562825,0.163520669074234,0.916099776575043,0.190608439483188,0.0872275909499335,0.0302359065234245,0.2701062215478,0.110587686531967,0.0141173500514221,-0.149631886887924,0.104613829044825,0,0,0,0,0,0,0,1
"318","yinpterochiroptera",0,-0.167872265361277,0.058237378210806,0.0896,0.191374663072776,0.397411373301068,0.487381703470032,0.302276682668931,0.341176470588235,0.0465779632356997,-1.45250584796964,3.01820512940605,1.16956400323366,-9999,0.327855359465009,0.158913051039446,0.917736963444312,0.19104437327156,0.0839399658311808,0.0310008857395926,0.287066246056782,0.111587847751837,0.12700441247529,-0.341593474294163,-0.0191835367766316,0,0,0,0,0,0,0,1
"319","yangochiroptera",0,-0.329906501278132,0.0510257759074172,0.0771573604060914,0.0970206264323911,0.374168101386249,0.49390243902439,-0.156100628820703,0.205645161290323,0.0464757424442161,-0.116288111749806,-9999,1.26646590502388,-0.253639917480945,-0.455084475793391,0.16317026966828,0.885945888707805,0.137406542878552,0.0818377203909023,0.0345682723378673,0.309959349593496,0.110379888305013,0.161205659312655,0.0928253715283958,1.0239385456365,0,0,0,0,0,0.420810397237939,0.579189602762061,0
"320","human",0,-0.245252364716867,0.0559087079727349,0.0398009950248756,0.114925373134328,0.197744683061566,0.601333333333333,-9999,0.239506172839506,0.0277417900692797,-0.101114172379032,-9999,1.31451080301133,-0.414092702323643,-0.353739381281443,0.152109645549356,0.909301901830903,0.109086360950388,0.0503113819900496,0.0336218120548365,0.273333333333333,0.0592451787920211,0.112055173654734,-0.576547268266427,1.09688593946701,0,0,0,1,0,0,0,0
"321","yinpterochiroptera",0,-0.0271623857916718,0.056839136565788,0.0897435897435897,0.193150684931507,0.465087791307531,0.492283950617284,1.11820289242437,0.330434782608696,0.0470105010077257,-0.751620226816235,3.12224898917913,1.18544314254994,-0.49239819325185,-0.0139398839776499,0.157548706079946,0.925004647707192,0.187533782398387,0.0869058991602281,0.0303720577069096,0.285493827160494,0.10672654282835,0.263709899027428,-0.332581763361571,-0.532687064375439,0,0,0,0,0,0,0,1
"322","human",0,0.0497226893818837,0.0601962754037555,0.0834248079034029,0.110692771084337,-0.288018037514575,0.542099192618224,-9999,0.367924528301887,0.047794619340571,-0.252032596416286,-9999,1.26996213264926,-0.265104524924137,0.496936692298493,0.167535394390619,0.841646666026891,0.150247978884455,0.0597432741757138,0.0333049996136311,0.286043829296425,0.0821152236542789,0.376796812719392,-0.324710580314835,0.142997745542742,0,0,0,1,0,0,0,0
"323","human",0.213610960016016,0.0681227469289304,0.0604279171508647,0.0933333333333333,0.169565217391304,0.455458857153629,0.544575725026853,0.759885785477592,0.29957805907173,0.029300361639619,0.598377212092281,-9999,1.04194610208188,-0.130130793378608,-9999,0.148291143260056,0.879231854932804,0.108031104365923,0.0823094128502274,0.0345204730330166,0.281417830290011,0.0961767595804288,-0.0391093927170559,-0.406678496460858,-1.26602569847528,0,0,0,1,0,0,0,0
"324","human",0,0.0503792395521327,0.0602735491847616,0.0833333333333333,0.11178247734139,-0.289363027629908,0.540851553509781,-9999,0.367924528301887,0.0480941674340911,-0.272263264784598,-9999,1.26883871853479,-0.258683447079465,0.49687457599605,0.167438953289058,0.842005433699422,0.15013523167256,0.0600540926690238,0.0334595471756433,0.288837744533947,0.0819382111840071,0.369722935694949,-0.322406431829984,0.137856346042323,0,0,0,1,0,0,0,0
"325","swine",0,0.289079204120896,0.0584566885964912,0.103809523809524,0.162676056338028,0.684014696996673,0.536324786324786,0.368627440377353,0.309716599190283,0.0299088065032398,0.811298168979021,-9999,1.03212779181182,-0.710147778765824,-0.748259388690419,0.150668423738125,0.876659666097728,0.103893748905991,0.0820805592006205,0.03515625,0.284188034188034,0.100295696995827,-0.0236776495122093,-0.221033582291367,0.113064293408036,0,0.250524637852286,0,0.749475362147714,0,0,0,0
"326","swine",0,-0.61918674588011,0.0535010940919037,0.111918604651163,0.12780269058296,-0.932851865246164,0.479474548440066,-9999,0.185185185185185,0.0554258035217162,-0.508807813720474,-9999,1.21189346567558,-0.354543267130627,0.363805296806429,0.154827948804794,0.922642052180423,0.137393541124254,0.0848301030426267,0.0332603938730853,0.277504105090312,0.102524725763175,0.272170636751152,-0.269466899876899,-9999,0,0,0,0,0,1,0,0
"327","swine",0,-0.626629993589318,0.0493487871908233,0.0862745098039216,0.193164933135215,-0.326506411380886,0.421705426356589,-9999,0.228571428571429,0.0554718524568547,0.082238098236972,-9999,1.17818958209715,0.323806255611503,0.317043828039687,0.156626406937001,0.973847786080734,0.172941657659606,0.10352768185798,0.0248536264786713,0.330232558139535,0.13556490145873,-0.000372843354973172,-0.0264092243062244,-9999,0,0,0,0,0,1,0,0
"328","swine",0,-0.630434740580604,0.0492234169653524,0.086105675146771,0.187869822485207,-0.317471509253888,0.430340557275542,-9999,0.226415094339623,0.0535507514695803,0.0893732054986995,-9999,1.17460241469964,0.0406595057523676,0.314480110279138,0.153809658387628,0.977038919667874,0.173742438101305,0.102936444491527,0.0248506571087216,0.325077399380805,0.13655441624743,0.0869297033900904,-0.0439653788424385,-9999,0,0,0,0,0,1,0,0
"329","swine",0,-0.635460208719594,0.0493428912783751,0.086105675146771,0.187592319054653,-0.312743368057942,0.431007751937985,-9999,0.225705329153605,0.0526341688884764,0.0836839687220062,-9999,1.17307504484233,0.0386773759795927,0.32163249508659,0.154928824807323,0.975458946673992,0.173960388699202,0.102889392290468,0.0248506571087216,0.325581395348837,0.136789365472877,0.173122335314357,-0.042808204231525,-9999,0,0,0,0,0,1,0,0
"330","swine",0,-0.615790804372216,0.0492234169653524,0.086105675146771,0.189069423929099,-0.322177400291301,0.432558139534884,-9999,0.226415094339623,0.0535501542762086,0.0893732054986995,-9999,1.17460241469964,0.0466455456287695,0.309774219241725,0.154402944829735,0.975073046590072,0.174038001397678,0.103232797410247,0.0248506571087216,0.325581395348837,0.136850394261422,0.0909217246596278,-0.0491052339599965,-9999,0,0,0,0,0,1,0,0
"331","swine",0,-0.631091892547273,0.0493487871908233,0.083984375,0.191394658753709,-0.317471509253888,0.431221020092736,-9999,0.229559748427673,0.0520528955120808,0.0868607806859051,-9999,1.16898567258268,0.0443339091221706,0.276082359370389,0.154374015832971,0.971749097917542,0.173410503334532,0.103213455672526,0.0249731150675111,0.327666151468315,0.135932418565834,0.0869297033900904,-0.0409727523735299,-9999,0,0,0,0,0,1,0,0
"332","bird",0,-0.223475171280771,0.0501850138760407,0.0805604203152364,0.280453257790368,0.152078140225286,0.414593698175788,0.956646576274264,0.301948051948052,0.0517812603367603,-0.150697838928232,-9999,1.1974715712419,-2.03697263663388,-0.285135666197459,0.139021427208476,0.987243081938255,0.197275345087331,0.105813879818597,0.0262488436632747,0.359867330016584,0.122136233620402,0.276323004731967,-1.1983357012461,-0.271817407111246,1,0,0,0,0,0,0,0
"333","bird",0,-0.136070413524141,0.0512257169287697,0.0805604203152364,0.274398868458274,-0.528547084858346,0.42339373970346,0.92409920900368,0.303030303030303,0.0493726245715843,-0.251751381955003,-9999,1.21141543215742,-1.92352392521085,-0.000215855021344529,0.139421559159531,0.977969397706818,0.200015234770111,0.105758406042541,0.0263644773358002,0.383855024711697,0.12511471908481,0.277897884278544,-0.475684702513872,-0.258966681450395,1,0,0,0,0,0,0,0
"334","bird",0,-0.129200002719326,0.0512257169287697,0.0802792321116928,0.274398868458274,-0.53062825106217,0.422442244224423,0.54852410965045,0.303333333333333,0.049940221077661,-0.251751381955003,-9999,1.21304185724494,-1.92579073689423,-0.00229702122516887,0.139159267722022,0.976657937312707,0.200041447350406,0.105772265990327,0.0262488436632747,0.384488448844884,0.125131115733915,0.274877542009047,-0.476028902265445,-0.259966181783478,1,0,0,0,0,0,0,0
"335","bird",0,0.203392196293878,0.0503966402239851,0.0816696914700544,0.230994152046784,0.185717145795093,0.421947449768161,-0.149818513439519,0.2398753894081,0.0533089982284571,-0.287136977927096,-9999,1.15211301731515,-0.0566038683519503,0.647728110296793,0.142739940611716,1.016820630903,0.170122704729065,0.104287548446927,0.0250816612225852,0.293663060278207,0.12730072254555,0.189746451010098,0.0336446873975631,-0.0890166196746686,1,0,0,0,0,0,0,0
"336","bird",0,0.246533790010601,0.0505132991133924,0.0843806104129264,0.220588235294118,0.161268147596122,0.402157164869029,-0.146161160054493,0.240506329113924,0.0509379926870414,0.00477871121392253,-9999,1.14729511568712,-0.237748995824143,0.625591251856202,0.144081750743346,1.00862572826394,0.172024878160237,0.106242099032972,0.0251983201119925,0.312788906009245,0.12865481581527,0.193506398424986,-0.419812200583683,-0.154372906539824,1,0,0,0,0,0,0,0
"337","yangochiroptera",0,-0.0599933924323936,0.0536926558321333,0.0971428571428571,0.160241874527589,0.108611040925274,0.465576592082616,-9999,0.224074074074074,0.0588145052608527,0.223660570353153,-9999,1.09512055414978,0.525125464035369,0.524452083176669,0.154169086130576,0.890390228908605,0.1256377942168,0.101611443131516,0.0316121511348831,0.271944922547332,0.112373246221799,0.35001113583071,-0.0986548454831668,1.1989659771355,0,0,0,0,0,0,1,0
"338","yinpterochiroptera",0,0.0416805570006855,0.0582509389131601,0.0997830802603037,0.104513064133017,0.457278172323641,0.581270182992465,0.471715518306195,0.245495495495496,0.045028327979775,-0.440190415406333,3.76952294282086,1.2599227772257,-9999,1.05488735669828,0.17239416997971,0.874113926542547,0.129681584581752,0.074361067349457,0.0338775197363378,0.231431646932185,0.092887008003993,0.170739791846863,0.138352446592846,0.948891426381617,0,0,0,0,0,0.249812441428508,0,0.750187558571492
"339","yinpterochiroptera",0,-0.0119114073604031,0.0587871765160294,0.100220264317181,0.101748807631161,0.415254993380691,0.576508620689655,0.137845852736114,0.254504504504505,0.0435973158661821,-0.348484271502004,-9999,1.25922522835794,-9999,1.18136719035009,0.171551568349178,0.867943279825997,0.128728169332692,0.0768757404030903,0.0337582078022402,0.230603448275862,0.0918381328305374,0.136661819711787,-0.0823788286975713,0.971270438426415,0,0,0,0,0,0.249317249911171,0,0.750682750088829
"340","yinpterochiroptera",0,0.0324393127511471,0.0585143387184046,0.0960264900662252,0.101654846335697,0.532293926640622,0.573144104803493,0.0986098953491112,0.253932584269663,0.0429898635334736,-0.319219331254158,-9999,1.26912895005222,-9999,0.972239451242808,0.174791121791788,0.866962920864159,0.129999287930564,0.0759401780980521,0.0337790832495942,0.24235807860262,0.0952470030382349,0.18052833351412,-0.0139267563851063,0.861023340856774,0,0,0,0,0,0.250948367782152,0,0.749051632217848
"341","yinpterochiroptera",0,-0.106506110373162,0.057898773006135,0.09277238403452,0.103937007874016,0.141681396986447,0.576839826839827,0.140772553881082,0.252212389380531,0.0445134076052603,-0.404855488288834,-9999,1.27237113955129,-9999,0.911198860967665,0.174708692277293,0.869918709164412,0.129166072935495,0.0756470626355291,0.0336656441717791,0.239177489177489,0.0946874797614786,0.146151907539736,-0.012666634383754,0.873800115619017,0,0,0,0,0,0.251856727242927,0,0.748143272757074
"342","carnivore",0,-0.823320233547967,0.0612800726282342,0.0692963752665245,0.144178874325366,-0.27743870503702,0.52991452991453,-9999,0.271634615384615,0.0438615006803253,-0.210114786980625,-9999,1.30159387165741,-1.2443167647038,0.635770360299727,0.157709658183902,0.877850030320094,0.165619109126256,0.0702263371548378,0.0356332274171584,0.318681318681319,0.0855658783763724,0.289675239275008,-1.57423336609973,-0.259620455250285,0,0,1,0,0,0,0,0
"343","swine",0,-0.789614316101031,0.0548389530059591,0.105532786885246,0.132539091586001,-1.04459587137072,0.492801771871539,-9999,0.172645739910314,0.0557390473775032,-0.82875344802796,-9999,1.21857094660777,-0.117835390855005,0.255222178700077,0.153995321591799,0.929675154982513,0.134032965089159,0.0842566995241327,0.0330391491287622,0.279069767441861,0.101885793578413,0.327928508215381,-0.475156108637713,-9999,0,0,0,0,0,1,0,0
"344","swine",0,-0.00620249314100124,0.0564761582685154,0.092948717948718,0.106205250596659,0.313551452430198,0.582236842105263,-0.25438130180949,0.259938837920489,0.0478003063985019,-0.296354213522015,-9999,1.27501076750859,-9999,0.884710655871825,0.172339483069193,0.876351402163288,0.127122977016556,0.0757053501338435,0.0334798782549882,0.231907894736842,0.0927584324165523,0.127040277656315,-0.0638363703905455,0.684933392513745,0,0,0,0,0,0,0,1
"345","yangochiroptera",0,0.164490017358812,0.0519558077037922,0.0798934753661784,0.184364060676779,0.594941656827163,0.529737206085754,-9999,0.26063829787234,0.0485188017650091,-0.160366764250235,-9999,1.12740372306954,0.176539024670559,0.510935053187518,0.148969788333772,0.928863544567753,0.139704891514323,0.0880165197847653,0.0301582561958794,0.262793914246196,0.106546313423663,0.331564909096451,-0.450601471685479,0.752283825300435,0,0.498053943126888,0,0,0,0,0.501946056873112,0
"346","camelid",0,0.0250897644098392,0.0525765288334147,0.072463768115942,0.18041634541249,0.824660409028231,0.516346153846154,-9999,0.224137931034483,0.0501882712189871,-0.163051809685774,-9999,1.1186786286075,-0.0756028689534134,0.578665142224925,0.151548897406353,0.926910509880452,0.141216018037738,0.0848772233850517,0.0299839620668015,0.246153846153846,0.106527065871674,0.628307331558295,-0.341527080864213,-0.437677470193001,0,1,0,0,0,0,0,0
"347","camelid",0,-0.0100609272916274,0.0525765288334147,0.0723327305605787,0.180277349768875,0.824660409028231,0.512030798845043,-9999,0.222222222222222,0.0504463359281123,-0.165098693776815,-9999,1.11791916623582,-0.0448312102866597,0.578665142224925,0.151585087471791,0.926614568183608,0.141249740598714,0.084651412484247,0.0299839620668015,0.245428296438884,0.106060345292763,0.630630212974434,-0.330488115783546,-0.427287041276661,0,1,0,0,0,0,0,0
"348","camelid",0,0.031186768604403,0.0525765288334147,0.072463768115942,0.180277349768875,0.833919734441028,0.518804243008679,-9999,0.223076923076923,0.0501696664796546,-0.168715334247003,-9999,1.11867514673563,-0.079610890350952,0.587924467637721,0.151000858914254,0.927832595746121,0.141409599146085,0.084107970274715,0.0301234223554843,0.247830279652845,0.105749787187507,0.621981812020393,-0.334284107055148,-0.427916492983615,0,1,0,0,0,0,0,0
"349","camelid",0,0.0329901634026452,0.0525765288334147,0.0736363636363636,0.181254841208366,0.835317358707666,0.513902205177373,-9999,0.222222222222222,0.0499595709765193,-0.168102145846091,-9999,1.1165784293387,-0.0667560600916944,0.586658974484876,0.151847563017302,0.929839781289638,0.140034462490835,0.0856449788168902,0.0299839620668015,0.2464046021093,0.105579585955304,0.59942376370499,-0.334136323611158,-0.42226776143121,0,1,0,0,0,0,0,0
"350","camelid",0,0.0215717312825491,0.0525765288334147,0.0723327305605787,0.179984484096199,0.826058033294868,0.512918660287081,-9999,0.222222222222222,0.0501875695225914,-0.185629335951878,-9999,1.11678541247405,-0.0555043913630281,0.585410372818158,0.151546778558413,0.926724224929135,0.139983956168404,0.0853680716879373,0.0299839620668015,0.250717703349282,0.106033541491357,0.601034281640954,-0.332220614213019,-0.413588196918499,0,1,0,0,0,0,0,0
"351","camelid",0,0.0351667431712806,0.0525765288334147,0.0733695652173913,0.17984496124031,0.824660409028231,0.516746411483254,-9999,0.222222222222222,0.0502208337228833,-0.176762558404304,-9999,1.11724097818916,-0.0914647732538799,0.578665142224925,0.151401042841045,0.927254844351477,0.140322917755115,0.0854246534403946,0.0299839620668015,0.245933014354067,0.106103820267464,0.601642676101182,-0.339655592700538,-0.416857468702962,0,1,0,0,0,0,0,0
"352","camelid",0,0.0083987602653229,0.0525765288334147,0.072463768115942,0.18041634541249,0.824660409028231,0.517307692307692,-9999,0.224137931034483,0.0504360688641019,-0.163051809685774,-9999,1.11964589169063,-0.0770345084248512,0.578665142224925,0.151062176988091,0.926597578577392,0.141220992819485,0.0848802134542203,0.0299839620668015,0.246153846153846,0.106530818625152,0.628307331558295,-0.343387546517133,-0.437677470193001,0,1,0,0,0,0,0,0
"353","camelid",0,0.0268671074598866,0.0525765288334147,0.0723981900452489,0.180694980694981,0.826058033294868,0.519230769230769,-9999,0.224137931034483,0.0504344875239457,-0.172397213129104,-9999,1.11938323324926,-0.0805123453130318,0.585410372818158,0.151303462571837,0.926910509880452,0.140724521286327,0.0848775521744452,0.0299839620668015,0.246153846153846,0.106527478526188,0.623069299199325,-0.347098125913668,-0.434067357968901,0,1,0,0,0,0,0,0
"354","camelid",0,0.0215717312825491,0.0525765288334147,0.072463768115942,0.180124223602484,0.823260828673807,0.512918660287081,-9999,0.222222222222222,0.050186649160251,-0.185629335951878,-9999,1.11703934727515,-0.0542855263291994,0.621833881350378,0.151790012411151,0.926006453635137,0.139981389079328,0.0853665061696426,0.0299839620668015,0.250717703349282,0.106031597000334,0.602253146674783,-0.332220614213019,-0.413588196918499,0,1,0,0,0,0,0,0
"355","rodent",0,0.549442572242618,0.0575342465753425,0.155492154065621,0.134185303514377,0.554945436126308,0.439060205580029,0.295782082165376,0.246719160104987,0.0436486304311072,-0.22008268023071,-9999,0.953373375590683,0.210399138583625,0.165480669364584,0.15508675393399,0.876267824658772,0.0985142273417167,0.0916865086150631,0.0372399797057331,0.229074889867841,0.108511958334317,0.351800706856657,0.202202418959607,0.449585527609983,0,0,0,0,1,0,0,0
"356","rodent",0,0.573198303999452,0.0573712435495295,0.158119658119658,0.136219640971489,0.619613096513796,0.435745937961595,0.248388310611517,0.246719160104987,0.0446496573967384,-0.203500783342166,-9999,0.962371848133348,0.306757221237116,0.0955422459977851,0.152348556282278,0.883212384508585,0.101075048612397,0.0949418539150427,0.0363250025295963,0.231905465288035,0.110152176764481,0.402546204173958,0.264300441651654,0.665823228974339,0,0,0,0,1,0,0,0
"357","swine",0,-0.897789228505517,0.0491039426523298,0.0894941634241245,0.189705882352941,-0.316669609325033,0.418711656441718,-9999,0.221875,0.0565258282391077,0.187729747104472,-9999,1.16749219429071,-0.185090545904948,0.417029258955305,0.154999771118816,0.975232343754334,0.171660015231395,0.104721534421926,0.0253285543608124,0.320552147239264,0.134174465978092,0.0958915308692465,0.229674764522971,-9999,0,0,0,0,0,1,0,0
"358","yangochiroptera",0,-0.09945207897166,0.0531405782652044,0.0877862595419847,0.225319396051103,0.838904068258735,0.515492957746479,0.582983187796611,0.272972972972973,0.0444002064225161,0.579204488607618,-9999,1.1235498119236,0.0703161240525464,0.348070583178469,0.149126780266929,0.897823470043249,0.141887616176301,0.092419994890346,0.0301096709870389,0.294366197183099,0.110276599647227,0.24092326901843,-0.195595294285399,-0.28515907933351,0,0.490834640236872,0,0,0,0,0.509165359763128,0
"359","yinpterochiroptera",0,0.25529039723056,0.0475041946308725,0.0756172839506173,0.199138858988159,0.747293543929902,0.466854724964739,-9999,0.207920792079208,0.0618314860665508,0.436360946670353,-9999,1.19137951880813,0.0391084860054166,-0.0933597737386328,0.141508644940927,0.916369062186791,0.119138717055061,0.0884743215261215,0.0313548657718121,0.248236953455571,0.108833469377303,0.267735258734158,-0.398485398871528,0.908222557224645,0,0,0,0,0,0,0,1
"360","yinpterochiroptera",0,-0.440944482498769,0.0576962283384302,0.0605143721633888,0.22629582806574,0.614975380822221,0.525449101796407,-9999,0.435897435897436,0.0464170454528074,-0.188122495676587,3.12456514539696,1.21350088086575,-1.02834909524053,-0.292853447141382,0.152860322459769,0.954960389708593,0.184453075909324,0.0729063541143572,0.0304791029561672,0.279940119760479,0.10620025582658,0.305730380372274,-0.227902831990825,0.350127313061548,0,0,0,0,0,0,0,1
"361","yinpterochiroptera",0,-0.486607267861657,0.0571165832226423,0.0614692653673163,0.22007722007722,0.55626057390988,0.52710843373494,-9999,0.433802816901408,0.0462785277672567,-0.0309314964934575,3.1468257819387,1.21795428429691,-1.0827762442181,-0.038033623501306,0.154180568824597,0.949890529723024,0.185357682267802,0.0738020732288356,0.0305507305609482,0.283132530120482,0.10205633228674,0.312453653475161,-0.586833042243332,0.253169288791374,0,0,0.234169255594669,0,0,0,0,0.765830744405331
"362","bird",0,-0.456101924556216,0.0501984590240486,0.093235831809872,0.178571428571429,-9999,0.395894428152493,0.396081017027837,0.235109717868339,0.0538226198072861,-0.178360454457186,-9999,1.16064211747145,-0.586878216267925,0.386656324481809,0.148012204470037,0.986593146785205,0.174338485897514,0.108522782328821,0.0250992295120243,0.313782991202346,0.135434092232465,0.154773796807492,-0.0997421702748947,-0.625307662101012,1,0,0,0,0,0,0,0
"363","bird",0,-0.456101924556216,0.0501984590240486,0.093235831809872,0.178571428571429,-9999,0.395894428152493,0.396081017027837,0.235109717868339,0.0538313374736875,-0.178360454457186,-9999,1.16080600367837,-0.586878216267925,0.386656324481809,0.148036178052641,0.987185066699165,0.17465928517278,0.10854035979749,0.0250992295120243,0.313782991202346,0.135456028534333,0.154773796807492,-0.0997421702748947,-0.625307662101012,1,0,0,0,0,0,0,0
"364","bird",0,-0.0482760043785063,0.0505015162118031,0.0921052631578947,0.189910979228487,0.068083367104111,0.41037037037037,0.347941263969978,0.226993865030675,0.0540594499035937,-0.174631549597435,-9999,1.15681919816494,-0.752990565819599,0.745193548754239,0.14484406957865,1.00468115020302,0.179806431201083,0.104593283509127,0.0250758105901563,0.306666666666667,0.134854823400813,-0.428211241340863,0.0542082404022034,-0.563278938833568,1,0,0,0,0,0,0,0
"365","bird",0,-0.0269778068391808,0.0620532558322206,0.0628637951105937,0.217035217035217,-9999,0.42369020501139,-9999,0.34331797235023,0.0435593920372749,0.239972144185854,-9999,1.14364409911018,0.031185819437607,0.449524498227938,0.144596561733202,0.909156102860541,0.133513402812476,0.0853145489014082,0.0322834027177755,0.390660592255125,0.107223118860984,0.0471224858581676,-1.67145018534121,0.585534803419433,1,0,0,0,0,0,0,0
"366","bird",0,0.0543490449273938,0.0627651217596229,0.0563380281690141,0.219133278822567,-9999,0.420689655172414,-9999,0.34965034965035,0.0430974946138813,0.383504462780618,-9999,1.15779638897933,-0.0820828307884806,0.179730689601267,0.144002407152969,0.893522616501128,0.139099099382527,0.0841304385875767,0.0322859387274156,0.401149425287356,0.113550285210226,0.194637330663388,-0.923073932135462,0.300023146434458,1,0,0,0,0,0,0,0
"367","swine",0,-0.502918520954487,0.0534134352812671,0.113207547169811,0.126398210290828,-0.920159208652075,0.483660130718954,-9999,0.186335403726708,0.0542016340129776,-0.467392286257017,-9999,1.21331765627698,-0.366192481753048,0.277568328072982,0.155796967331989,0.92086055872115,0.137729755994329,0.0848373401942257,0.033205898416166,0.272875816993464,0.102904551531885,0.261181171365857,-0.287216814672689,-9999,0,0,0,0,0,1,0,0
"368","bird",0,0.087137397912272,0.0612553860486782,0.0656565656565657,0.238393977415307,-9999,0.405594405594406,-9999,0.340836012861736,0.0367488114929684,0.333816682297988,-9999,1.10900473300889,-0.216458382633515,0.0928043742424383,0.145196353101588,0.90773162863046,0.133375057096857,0.0845479649034028,0.0326074298357983,0.377622377622378,0.105620709955315,0.233881478293804,-0.0196974537564141,0.0616981363937301,1,0,0,0,0,0,0,0
"369","swine",0,-0.376449835599889,0.0493487871908233,0.0882352941176471,0.192592592592593,-0.345380297370965,0.429230769230769,-9999,0.229299363057325,0.0536507467158421,0.0198864179870831,-9999,1.17510170151523,0.300068469232136,0.411355268457363,0.154727567876628,0.969944981548776,0.173994410619886,0.104337363778875,0.0250926036563508,0.327692307692308,0.133978660306965,0.121487219012694,-0.243177451259435,-9999,0,0,0,0,0,1,0,0
"370","swine",0,-0.23475977899282,0.0492292986019835,0.0862745098039216,0.193500738552437,-0.352355282794216,0.430769230769231,-9999,0.232484076433121,0.0539560466922938,0.0174621743755766,-9999,1.17615617167821,0.306315952623682,0.406553748671234,0.154160133406554,0.969123775796975,0.173726611877386,0.104354551844436,0.0250926036563508,0.326153846153846,0.134000731345697,0.12011564191563,-0.249339234722652,-9999,0,0,0,0,0,1,0,0
"371","bird",0,0.326037974476843,0.0502229523586013,0.0933572710951526,0.213114754098361,-9999,0.44104134762634,-0.265638372091952,0.270096463022508,0.0538215690006159,-0.135526488762197,-9999,1.15304802677,0.0463103876398366,0.363107652962784,0.144299990401651,0.995742452174,0.167574182401918,0.105315718801205,0.0252288195259329,0.290964777947933,0.123062290201408,0.155636759037767,-0.208905331863223,-9999,1,0,0,0,0,0,0,0
"372","swine",0,-0.700466609637848,0.0536163694058431,0.115942028985507,0.128378378378378,-0.931380977597745,0.48538961038961,-9999,0.179566563467492,0.0562038064808655,-0.592527864171082,-9999,1.21317907265589,-0.347907890673698,0.3884816119829,0.156179241050516,0.9296342871642,0.135976951163384,0.0846942152960508,0.0328263486158223,0.275974025974026,0.101788460585162,0.365373848655431,-0.26124944383214,-9999,0,0,0,0,0,1,0,0
"373","swine",0,-0.626325198410716,0.0535010940919037,0.109970674486804,0.124439461883408,-0.769463268432827,0.488524590163934,-9999,0.18944099378882,0.0551799991090811,-0.562671255562127,-9999,1.21088111828559,-0.384081864145776,0.465153390866162,0.155177556179998,0.930222920220166,0.135229856971551,0.0828995291779622,0.0330415754923414,0.275409836065574,0.101810984271685,0.183749252715662,-0.607856461815561,-9999,0,0,0,0,0,1,0,0
"374","carnivore",0,-0.785626884055471,0.0639552018862364,0.109442060085837,0.178598342125094,0.277787390735102,0.455797933409874,-9999,0.451990632318501,0.04636128330331,0.0049477409429021,-9999,1.19755776029222,-0.36145970956596,0.809191376845094,0.172621799533601,0.88674596597252,0.169415966113691,0.0831050663468908,0.0303566165635131,0.3398392652124,0.0983944257341526,0.322610796681275,-1.03553993871721,0.492198721099613,0,0,1,0,0,0,0,0
"375","yangochiroptera",0,0.102590725882382,0.0514853696671878,0.0916149068322981,0.0846325167037862,-0.46888693454566,0.5008,-9999,0.167164179104478,0.052225422695217,-0.367765039463367,-9999,1.22173912118711,-0.740282770237053,0.333941698065764,0.165770247161933,0.86440931182085,0.138488309933088,0.0821056396601421,0.0340629886084432,0.2432,0.106529469179298,0.242490540757033,-0.511707242194691,-9999,0,0,0,0,0,0,1,0
"376","yangochiroptera",0,-0.796318879732484,0.0540300166759311,0.0725806451612903,0.11027027027027,-0.128873722350542,0.540284360189573,1.36192577010293,0.204819277108434,0.0465749768542448,0.329573014160941,-9999,1.27722899093542,-1.2528287175414,0.276591385757623,0.166662890148703,0.880432837873338,0.15105397898674,0.0674707772807439,0.0317954419121734,0.23696682464455,0.0928981970768451,0.433522419226499,-0.580933011946743,0.749379239539763,0,0,0,0,0,0,1,0
"377","yangochiroptera",0,-0.749609734164955,0.0542730299667037,0.0789049919484702,0.112798264642082,-0.101420178445903,0.556618819776715,1.66313665935414,0.214501510574018,0.0444738849710715,0.41314969779512,-9999,1.28023903612397,-1.35211319742878,0.514993207882653,0.166337355089544,0.884654553203466,0.158296878710594,0.0665851950131862,0.0318534961154273,0.23444976076555,0.0952293921131984,0.406892143502531,-0.635339992329949,-0.189419915324478,0,0,0,0,0,0,1,0
"378","human",0,-0.0528072332044564,0.0551794871794872,0.0320102432778489,0.191954022988506,-0.384029827388099,0.666015625,1.29854196890554,0.343137254901961,0.0211677296489229,0.108080826591581,-9999,1.07995569670937,-0.137392180522014,0.403591451363065,0.147115721060014,0.915949240355919,0.0749337629571871,0.0484741008960335,0.0362051282051282,0.232421875,0.0558828062731565,0.179042200271858,0.0186766167472276,0.576258349400635,0,0,0,1,0,0,0,0
"379","bird",0,0.140326970778311,0.0612291264341702,0.0681818181818182,0.234782608695652,-9999,0.394871794871795,0.381107237560334,0.331230283911672,0.0376398949863242,0.374299981012175,-9999,1.11249212202961,-0.208848070476403,-0.384845820905429,0.144887814947357,0.906458845456927,0.136122359950542,0.0843030524693699,0.0327161195047143,0.377777777777778,0.106474497461314,0.290154629650102,-0.0253492540307383,0.284532463548885,1,0,0,0,0,0,0,0
"380","human",0,0.00327390690536495,0.0560785099138794,0.0351317440401506,0.191919191919192,-0.397380989708206,0.667307692307692,1.20637804814276,0.336569579288026,0.0223770902149489,0.0339625579746006,-9999,1.0737991790337,-0.0182439909062867,0.345807136922824,0.148406551142538,0.924674851057827,0.0762087695056278,0.0489762729232843,0.0356499098738234,0.226923076923077,0.0550983070386949,0.185551916782446,0.198572609195525,0.585582837037586,0,0,0,1,0,0,0,0
"381","yangochiroptera",0,-0.104816806593714,0.0568399684222398,0.0758293838862559,0.11454753722795,0.262752689409256,0.471869328493648,0.265400700640212,0.288819875776398,0.0569627262881423,0.364248386308168,-9999,1.27371046096912,-0.864399501312941,0.588960327418586,0.15240693877983,0.926092617832265,0.149368926711129,0.0729122896488222,0.0329310928160595,0.29038112522686,0.105317751714965,0.234024144210845,0.348903251848348,-0.172723601266963,0,0,0,0,0,0.193075730070273,0.806924269929727,0
"382","yangochiroptera",0,-0.136800238896839,0.0569463238610735,0.0708661417322835,0.120689655172414,0.576001696726241,0.46875,0.322398509409551,0.290123456790124,0.057726548941807,0.425084791328581,-9999,1.27324095824177,-0.884771476127672,0.508990986443281,0.152072582674892,0.924142729306832,0.145969335209679,0.0712045537608192,0.0330401443391971,0.290441176470588,0.105026716797208,0.176665503187813,0.344840486291729,0.384180706148618,0,0,0,0,0,0.193492934385624,0.806507065614376,0
"383","yangochiroptera",0,-0.226705145147344,0.05638249887235,0.0649762282091918,0.115207373271889,0.609462012386568,0.490909090909091,0.322935118202627,0.296296296296296,0.057776189087965,0.199263668490283,-9999,1.26194354441345,-0.86951359804306,0.593752718681388,0.153730476692206,0.921666699603836,0.144313212391525,0.0715203045538245,0.0329273793414524,0.290909090909091,0.105371551904923,0.0990036281396765,0.197817626479745,-0.201577560492108,0,0,0,0,0,0.194923408941742,0.805076591058258,0
"384","yangochiroptera",0,-0.163811919380803,0.0565271352815074,0.0682852807283763,0.117782909930716,0.078331843269907,0.481684981684982,0.277994456651963,0.285245901639344,0.0518536234499439,0.0883394585351668,-9999,1.26142419921045,-0.707606952212751,0.780434507060024,0.153284369808127,0.928535591051012,0.143419534127406,0.0708244612974843,0.0326074692542029,0.287545787545788,0.107501414469396,0.277709177291246,0.586161453960707,-9999,0,0,0,0,0,0.195688498547194,0.804311501452806,0
"385","yinpterochiroptera",0,-0.266021768555994,0.056281852426324,0.0830618892508143,0.207366984993179,-0.113693050404858,0.502325581395349,1.76185396989406,0.335211267605634,0.0428529958582743,-0.343494832230241,2.6829835133509,1.14723731122053,-1.10151604506126,0.360293001356333,0.156463263947653,0.924074191610387,0.179384633825334,0.084709410417519,0.0304675382229116,0.269767441860465,0.110869669517047,-0.0499648735064066,-0.679662410697704,0.397039814982921,0,0,0,0,0,0,0,1
"386","yinpterochiroptera",0,-0.555798261564571,0.0568872197061748,0.0848287112561175,0.217753120665742,-0.122523985951914,0.541984732824427,0.70178131116069,0.363112391930836,0.0379507094608993,-0.555278403490615,2.59843362564665,1.17284615389614,-9999,0.410742972286757,0.16031742009444,0.927574416383251,0.191456463754665,0.085145822508428,0.0305975919584668,0.276335877862595,0.107283736360619,-0.070106859178046,-0.390682407987361,0.480088686718657,0,0,0,0,0,0,0,1
"387","yinpterochiroptera",0,-0.37193266903543,0.0567603452091171,0.0851063829787234,0.214681440443213,-0.128832871842968,0.545454545454545,0.438478920180608,0.36676217765043,0.0409326526273347,-0.464335356312742,2.64227514341061,1.17518506673257,-9999,0.883548071076311,0.16149792036603,0.919713940059938,0.198461346071926,0.0865787622238776,0.0304270856384156,0.272727272727273,0.112378737213228,0.029853114816511,-0.36144822269139,0.138069585734253,0,0,0,0,0,0,0,1
"388","yinpterochiroptera",0,-0.538627843043201,0.0572095089980005,0.0885245901639344,0.207520891364903,0.125163142954006,0.535987748851455,1.61287957962994,0.36231884057971,0.0429262202361154,-0.502887852688544,2.75898092977075,1.18030697496399,-9999,0.662946787261484,0.161705022821276,0.928340355048773,0.195363081870048,0.0858524404722309,0.0306598533659187,0.26646248085758,0.110974035269503,-0.00891818146170748,-0.550856849869536,0.51402051466251,0,0,0,0,0,0,0,1
"389","yinpterochiroptera",0,0.0256225101402922,0.0524323722587109,0.0583333333333333,0.272831050228311,-0.171102673189167,0.492163009404389,-9999,0.242603550295858,0.0392262827901341,0.436106469799237,2.55668972348412,1.25525369820886,0.144879309757431,-0.394331146587415,0.140263677855631,0.900531236764329,0.145731583941528,0.0765506852025647,0.0303907380607815,0.329153605015674,0.101512865159923,0.17402981265847,-0.891360131434291,0.477763280735487,0,0,0,0,0,0,0.21715562057525,0.78284437942475
"390","bird",0,-0.109982632335846,0.0531890573801722,0.0449943757030371,0.140058055152395,-9999,0.540331491712707,-9999,0.345814977973568,0.0333176643216074,-0.396258773521086,-9999,1.10319526946603,0.0295408719597188,-0.0618822820574599,0.153114266183858,0.891251681617781,0.0979931303576688,0.0808443325450768,0.0344433437476187,0.259668508287293,0.0975031647058805,-0.029586625869207,-0.0633787785498627,1.09815681491821,1,0,0,0,0,0,0,0
"391","bird",0,0.109390259889491,0.0588969586926918,0.0788590604026846,0.227895392278954,-9999,0.407094594594595,0.312583998801602,0.321100917431193,0.0410652643845128,0.186352572137222,-9999,1.12318320916886,-0.240033757163355,-1.12335189484387,0.144890649809508,0.910751368027574,0.133010133069334,0.0867794266238762,0.031661370857921,0.388513513513513,0.1033088412189,0.356303346650411,-1.05436251945858,-0.602088231695807,1,0,0,0,0,0,0,0
"392","bird",0,0.170348592144329,0.0592374035406264,0.0752508361204013,0.226650062266501,-9999,0.403361344537815,0.362558917631291,0.327160493827161,0.0400140687716659,0.188830561656999,-9999,1.11756100909439,-0.249472961648418,-1.11680973214222,0.145857734554782,0.909967938286188,0.133208125717288,0.08622386432088,0.0317748524738992,0.383193277310924,0.102745802394342,0.349474254382229,-1.04201001864362,-0.566003339320294,1,0,0,0,0,0,0,0
"393","yinpterochiroptera",0,-0.223917480180337,0.0511603919546158,0.0692771084337349,0.256465517241379,-0.460524885291192,0.484257871064468,1.35937329001178,0.270341207349081,0.0420799525929195,0.0442262641300286,2.38165273442512,1.26610960983513,0.142082922789874,-0.618412812532834,0.143552752559845,0.898934615311854,0.151006915590591,0.07838894025881,0.030737493553378,0.326836581709145,0.103636911814562,0.12230888753424,-0.330237490653802,0.496601232376126,0,0,0,0,0,0,0,1
"394","yangochiroptera",0,-1.04174376974796,0.0540570540570541,0.0699001426533524,0.143939393939394,-9999,0.603636363636364,0.502618367399739,0.246105919003115,0.0375543760981192,-1.33491884826589,-9999,1.19718610821158,-0.419274846885572,-9999,0.149229231337263,0.886542040228032,0.133910998981451,0.0662142946993154,0.0334110334110334,0.227272727272727,0.0886975067054263,0.172682927956186,-0.641685000535717,0.984332889461012,0,0,0,0,0,0,1,0
"395","yinpterochiroptera",0,-0.419150832561519,0.0507148074715642,0.0804597701149425,0.122153209109731,-0.0671630448098753,0.510534846029173,0.991094689092293,0.21264367816092,0.0459063910535038,-0.12651642750451,-9999,1.30085454113357,-0.256436335688715,0.39641409072457,0.152125966097515,0.876161932499768,0.16140491748067,0.0715455988227479,0.0347490347490347,0.277147487844408,0.096452257798585,0.245250276104987,0.0131638208120396,0.176441824871567,0,0,0,0,0,0,0.231135296961003,0.768864703038997
"396","yinpterochiroptera",0,-0.418769595279906,0.0507148074715642,0.0804597701149425,0.122153209109731,-0.167382160967283,0.510534846029173,0.991094689092293,0.21264367816092,0.0459113434179481,-0.130799089296511,-9999,1.30000084276896,-0.261332949986925,0.405515891441086,0.152142377390328,0.875305675353632,0.161178120509818,0.071553317135419,0.0347490347490347,0.277147487844408,0.0964626630323909,0.240817225236965,0.0131638208120396,0.176441824871567,0,0,0,0,0,0,0.231154713309654,0.768845286690346
"397","swine",0,-0.760367779750397,0.0537905346187555,0.111756168359942,0.127252252252252,-0.900542374906016,0.486970684039088,-9999,0.193146417445483,0.0576184520108565,-0.502748283188435,-9999,1.20956553373141,-1.00964149887524,0.427708179043136,0.154427833092161,0.925771385805967,0.136000310151751,0.0861681354396593,0.0331945661700263,0.273615635179153,0.104076573226817,0.230346463608268,-0.2776270362568,-9999,0,0,0,0,0,1,0,0
"398","bird",0,0.0730124856366794,0.0618940248027057,0.0749574105621806,0.227611940298507,-9999,0.431778929188256,-9999,0.338607594936709,0.0398561137026029,0.174426392873521,-9999,1.13397320964213,-0.0142891287052685,-0.605929612536539,0.151609530554999,0.902870916605584,0.145357591150669,0.0864851617598965,0.0324689966178128,0.357512953367876,0.109669437050953,0.216232211278357,-0.478249034873275,-0.119612595915505,1,0,0,0,0,0,0,0
"399","human",0,0.0189151148799507,0.0600417278417433,0.0834248079034029,0.113036925395629,-1.38225395158289,0.539884393063584,-9999,0.366430260047281,0.0485480879588918,-0.256249799795633,-9999,1.27026887014989,-0.264120521920845,0.498742371395191,0.167757790852715,0.844861702308595,0.149711119412499,0.0597319406824061,0.0333049996136311,0.284393063583815,0.0808287537744899,0.372564534907641,-0.335884085259078,0.149648006280844,0,0,0,1,0,0,0,0
"400","human",0,0.0204749438056428,0.0599922690374952,0.0826901874310915,0.11178247734139,-0.289690777512862,0.537485582468281,-9999,0.370283018867924,0.0486542903487989,-0.254544622798041,-9999,1.27179691285254,-0.259989824700176,0.491405426612677,0.168241414521899,0.840522817082451,0.15006007444419,0.0599215996927313,0.0333204483958253,0.286043829296425,0.0811758423187855,0.375128966866851,-0.316163519736376,0.138890487014835,0,0,0,1,0,0,0,0
"401","camelid",0,0.100926896226046,0.0574643959764964,0.0991620111731844,0.160771704180064,0.596707330660498,0.521806853582555,0.592695269240428,0.295321637426901,0.0306608427891782,0.436204926289202,-9999,1.05359436897877,0.0913815437660477,0.0782849852778317,0.149333745095494,0.908225486842329,0.103673353315926,0.0778653057883448,0.0351558609700229,0.278816199376947,0.0924236915731344,-0.151443635111139,-0.934315856189484,-9999,0,1,0,0,0,0,0,0
"402","camelid",0,0.0804830294025779,0.0573705179282869,0.098314606741573,0.168112798264642,0.541266649267226,0.524105754276827,0.637911199569145,0.300595238095238,0.0320619583150619,0.279701184120768,-9999,1.06015851936614,0.119311021338158,-1.02995005034668,0.147485008249285,0.912101387102423,0.106578371778344,0.0804865712185002,0.0354581673306773,0.275272161741835,0.0939747054062159,-0.0595427935236696,-1.02122093845611,-0.89177095233264,0,1,0,0,0,0,0,0
"403","camelid",0,0.17399702881859,0.0572823271568041,0.0902777777777778,0.165405405405405,0.600253433667249,0.532915360501567,0.710667343277105,0.294985250737463,0.0318206025554902,0.240551887713446,-9999,1.06469649625136,0.0748073087306692,-0.330608876085533,0.148644493056416,0.913608267484099,0.107032935868467,0.078995202148245,0.0353656106794182,0.269592476489028,0.0941266774893172,-0.183801076439292,-0.95944341744495,-9999,0,1,0,0,0,0,0,0
"404","camelid",0,0.174427326131496,0.0572823271568041,0.090403337969402,0.165226781857451,0.600253433667249,0.532915360501567,0.709277488988051,0.294985250737463,0.031801057605993,0.240551887713446,-9999,1.0642501512281,0.0748073087306692,-0.330608876085533,0.148997962209897,0.914027499118266,0.106967193765613,0.0791690664876469,0.0353656106794182,0.269592476489028,0.0940688627086367,-0.182149548400819,-0.95944341744495,-9999,0,1,0,0,0,0,0,0
"405","camelid",0,0.137055052794183,0.0571713147410359,0.0951048951048951,0.166847237269772,0.559910295373864,0.524031007751938,0.684385010654869,0.294985250737463,0.0293982917385148,0.215698384806784,-9999,1.04628362348689,0.0249374778660591,-1.01834973478086,0.147875617842605,0.90751230077748,0.106983257153693,0.0809005622277927,0.0352589641434263,0.266666666666667,0.0959312677783116,-0.0646142742876225,-0.992332442400597,-0.87168370185483,0,1,0,0,0,0,0,0
"406","yinpterochiroptera",0,-0.161431230153322,0.059446343884416,0.0962732919254658,0.135381114903299,-0.648460427975106,0.541195476575121,1.1860715939967,0.34006734006734,0.0459273541038094,-0.826968891084606,-9999,1.25274407056356,-0.805554100621363,0.648557549524303,0.170186362151338,0.868158257845563,0.152836028378788,0.0663395114832803,0.0319841182309474,0.2859450726979,0.0898134924696718,0.464153708810882,-1.63913029487115,0.260181745575089,0,0.503070660808397,0,0,0,0,0,0.496929339191603
"407","yangochiroptera",0,-0.123584981918426,0.0521674458138547,0.0842105263157895,0.08646998982706,-0.138336783899461,0.494252873563218,-0.170769540039059,0.128279883381924,0.0450466995549272,-0.573515359776636,-9999,1.17131825462543,-1.35922974694194,0.817242552095108,0.165831256603304,0.847994237047235,0.107914071461254,0.0717777080820269,0.0336804079898003,0.227011494252874,0.0965286419034155,0.252166199606161,-0.389899474587576,0.247696604137885,0,0,0,0,0,0,1,0
"408","yangochiroptera",0,0.083389642648496,0.0536433172302738,0.0758988015978695,0.229792147806005,0.594669503158929,0.522727272727273,-9999,0.271978021978022,0.0417570353425087,-0.669614372589683,-9999,1.10498161267969,-0.380093550168653,0.936597495952226,0.153816875950936,0.903374761250666,0.123147866942314,0.0910633652102167,0.0306964573268921,0.289772727272727,0.0967253361041162,0.225267428659594,-0.031712736793404,0.16952017715836,0,0.220012683592017,0,0,0,0,0.779987316407983,0
"409","yangochiroptera",0,-0.117549543966729,0.0569606571552097,0.0761346998535871,0.139484978540773,0.279171382783872,0.583739837398374,1.45102925811693,0.332236842105263,0.0405329494331172,0.123466789705828,-9999,1.20521739059089,-0.535326771843725,0.629630930413189,0.175972317051094,0.84081978867951,0.134945063356597,0.0716741179000242,0.0335062689148292,0.258536585365854,0.0899633755710649,0.0092841110056545,-0.106348923292309,-9999,0,0,0,0,0,0,1,0
"410","yinpterochiroptera",0,-0.313623714934642,0.0564665001628841,0.0666666666666667,0.123913043478261,-1.12397950254653,0.53109243697479,1.81348499674401,0.220338983050847,0.0490367512274171,0.433066836862572,2.76701564125816,1.28687990388118,-0.195111711929596,0.226881716847975,0.149091536560127,0.889603628138336,0.155035385193753,0.0636487124517485,0.03355413182756,0.265546218487395,0.0839568619499718,0.352532381543909,-0.422088662474663,0.708373812193291,0,0,0,0,0,0,0.248437418660744,0.751562581339256
"411","yinpterochiroptera",0,-0.331883617532901,0.0577754891864058,0.0749235474006116,0.21862871927555,0.350998485933927,0.536321483771252,0.554045866157113,0.423631123919308,0.039605879469781,-0.371981385827514,-9999,1.23614536603672,-1.04917668154932,-0.378529980524209,0.15314273394982,0.960456369017881,0.188908043289198,0.0739309750102579,0.0303810504634398,0.279752704791345,0.105375642952933,0.276827505998724,-0.58754109945095,0.425575705920575,0,0,0,0,0,0,0,1
"412","human",0,0.0943392292126508,0.0560702433628319,0.02994555353902,0.204463642908567,0.335538093629416,0.655716162943495,-9999,0.349765258215962,0.0234498441188926,-0.159269759219422,-9999,1.11561615777183,-0.0231463366845778,-0.522360417955862,0.149149458990434,0.88746259711629,0.0802787456322451,0.0475334678085662,0.0358130530973451,0.231274638633377,0.0566176416564255,0.137760175450752,-0.153409554571342,0.311199257128184,0,0,0,1,0,0,0,0
"413","bird",0,0.199998998173272,0.0632616626562136,0.0694935217903416,0.221957040572792,-9999,0.429696287964004,-9999,0.31322505800464,0.0395040930311601,0.558921318864775,-9999,1.1273449965527,-0.112707403409799,-0.534009049841575,0.146397521233123,0.907511810601692,0.137102440519908,0.0885614634620124,0.0327563455716836,0.38132733408324,0.105602444769572,0.19315513420336,-0.182646578013478,0.253010030890262,1,0,0,0,0,0,0,0
"414","bird",0.206922865367278,-0.0727166675814636,0.0516592139326901,0.0675909878682842,0.205755395683453,-0.349430079520228,0.448220064724919,0.0814673416906959,0.298305084745763,0.0395791433742743,0.279944217683075,-9999,1.20061810231064,-0.831902253776301,0.174387702539416,0.146852269899032,0.990280226989549,0.180426301864795,0.0949899440982584,0.0265944928218404,0.375404530744337,0.124196622312378,0.226855914974219,0.655146236513494,0.161158010903544,1,0,0,0,0,0,0,0
"415","bird",0,-0.225411037332058,0.0502175702693167,0.0500927643784787,0.182960893854749,0.632900511503915,0.517017828200972,-9999,0.297385620915033,0.03298852389593,0.443873819240632,-9999,1.16520131417419,0.186554057424234,0.14194309095465,0.156019494163538,0.981437577504949,0.156830687374093,0.0830121052135287,0.0272844878278255,0.307941653160454,0.109511083425013,0.193320995363511,-0.334591534206297,-0.453572178813611,1,0,0,0,0,0,0,0
"416","bird",0,-0.0170872000069454,0.047345599437478,0.0948121645796064,0.216255442670537,-9999,0.386039886039886,0.673762001592801,0.225396825396825,0.0499211189442535,-1.35509420243468,-9999,1.16595911871711,0.0022277449021364,0.382906160396038,0.137353587151703,0.94877030056988,0.17909553971526,0.116482610869925,0.0271885620532052,0.333333333333333,0.143558471992232,-0.284077788026504,0.117016885523138,0.30337917883015,1,0,0,0,0,0,0,0
"417","rodent",0,0.614856520233375,0.0571524966261808,0.140726933830382,0.129096989966555,0.661340773845891,0.466995073891626,-0.536395263970783,0.247689463955638,0.0426353728261333,0.213381560158194,-9999,0.952708847027801,-0.724226578881382,0.0665052760940276,0.1530679778512,0.87265891923546,0.0971527348005333,0.0901633294192,0.0376518218623482,0.232512315270936,0.108102803231289,0.299994892206145,0.0558668692223087,-0.344337396288167,0,0,0,0,1,0,0,0
"418","yinpterochiroptera",0,0.123770582383216,0.054699779943414,0.0805471124620061,0.165195460277427,-0.0158314652166806,0.515105740181269,1.52817724455868,0.350828729281768,0.0505836459883077,-0.208488543697887,-9999,1.22331700000629,-0.831747692889768,0.386057420930715,0.154004664766382,0.913618087317443,0.1825518709182,0.0808837507634821,0.0304935554856963,0.25226586102719,0.117694621853983,0.353970016525886,-0.468431292820932,0.19841436835858,0,0,0,0,0,0,0,1
"419","bird",0,-0.310969166958031,0.0512548603746907,0.0743362831858407,0.215714285714286,1.03047448350089,0.443535188216039,0.0857869984113108,0.236065573770492,0.044174277581864,0.106005968465364,-9999,1.15523613478781,-1.10600745262295,-0.137871143181893,0.140682412681096,0.998007509002921,0.175853015851369,0.0998845130035778,0.0259219983504183,0.332242225859247,0.117047767350672,0.0617151645014955,-0.9331358234462,1.17300695648405,1,0,0,0,0,0,0,0
"420","bird",0,-1.21618913060229,0.0499884286044897,0.085981308411215,0.181818181818182,-0.0359067084632441,0.40500736377025,-0.480060836983267,0.212698412698413,0.0608261097169598,0.304129301234716,-9999,1.16894507728207,-1.06331175070431,0.35805079279344,0.155121131479137,0.99119391541792,0.183933499239802,0.0983694980111599,0.0253413561675538,0.287187039764359,0.133875648180868,0.588195897206456,-0.786041858985446,-0.35559094634549,0,0,0,0,0,1,0,0
"421","bird",0,0.365145337865429,0.0456098998232174,0.101083032490975,0.156118143459916,0.431306339292052,0.348870056497175,0.681258388877959,0.116719242902208,0.0624128761799403,0.101308198452878,-9999,1.06665193710243,-1.11720339209129,0.421023472336468,0.136961589394869,0.99667606889144,0.139273177401533,0.110667275819061,0.026163818503241,0.220338983050847,0.140140022904033,-0.270454577389807,-0.483390877914711,-9999,1,0,0,0,0,0,0,0
"422","bird",0,-0.458045828053946,0.0586846144763254,0.0684684684684685,0.308259587020649,-9999,0.366120218579235,-9999,0.362869198312236,0.0394956517198707,-1.0868508756384,2.47786804795676,1.2190676977235,-0.0827549415032561,0.601211132620678,0.135610944017178,0.955822369128409,0.225926175572407,0.0966676790346485,0.0256228598417759,0.449908925318761,0.131191850118452,0.567105520134167,-0.241454754023719,-0.592555492791198,1,0,0,0,0,0,0,0
"423","bird",0,0.288826661804372,0.048449840858187,0.0645724258289703,0.243107769423559,0.29423947299794,0.434056761268781,0.209450643030462,0.162162162162162,0.0448441209909433,0.188157973646224,-9999,1.1397060578824,-0.353546825554272,-0.0413440979155804,0.139791858644607,1.00831566180513,0.149757218864817,0.0974390777087163,0.0265236355063067,0.303839732888147,0.114601642532411,0.041002375722004,0.0805548031571357,-9999,1,0,0,0,0,0,0,0
"424","bird",0.284459148700704,0.152907671587661,0.0521053869677723,0.0374331550802139,0.23841059602649,-9999,0.516637478108581,0.457991147803269,0.336842105263158,0.030441733018116,0.546239472204472,-9999,1.158528125867,-0.0949269491653878,0.109792799545173,0.141801234998916,0.981412208999152,0.123328046586214,0.081177954714976,0.0268172194777699,0.346760070052539,0.101732629146012,0.268363592104519,0.415105449095496,-0.139683031347302,1,0,0,0,0,0,0,0
"425","yangochiroptera",0,-0.273541339689306,0.0502780700435894,0.0783316378433367,0.0997715156130998,0.247503963342172,0.476923076923077,0.945647406691104,0.194444444444444,0.0469724689385509,-0.0852861397104907,-9999,1.26860559144981,-0.805482318929266,-0.832846838982544,0.16224544676613,0.887253400491948,0.131776818265448,0.0761715712517042,0.0344205621524125,0.305641025641026,0.10816363117742,0.17737254047569,0.200115734493375,0.824708129197169,0,0,0,0,0,0.589280935336032,0.410719064663968,0
"426","carnivore",0,-0.314741936896061,0.0594250148192057,0.0692549842602309,0.150705270972532,-1.05504597164489,0.472941176470588,0.517776309715861,0.27212389380531,0.0475487019078387,0.436056113233984,-9999,1.30856225279823,-1.32248063277122,0.764186363851931,0.153212483925258,0.873457324087167,0.168821906268741,0.0682011683930616,0.0351956135151156,0.325882352941177,0.088133200000893,0.43041689827718,-9999,-0.347307870765306,0,0,1,0,0,0,0,0
"427","yinpterochiroptera",0,0.319178155384923,0.0564011959771677,0.116977225672878,0.195103857566766,0.0950511459989651,0.473138548539114,-0.483105986073429,0.330812854442344,0.0607437393909881,-0.586659001532484,-9999,1.21613309924809,-0.816193239850388,0.653864043485797,0.156097283783818,0.848101050109225,0.194474142391303,0.0951181035424776,0.0347920630606143,0.304429783223374,0.118191306877039,0.414808310854215,-1.05383640946688,0.555449728130799,0,0,0,0,0,0,0,1
"428","rodent",0,0.270576048711487,0.0602677070020852,0.146294513955727,0.170899107755662,0.273024914651808,0.419740777666999,0.219890598531463,0.210084033613445,0.040941710053564,0.0206754700415371,-9999,0.99520445297445,0.215316504343916,-0.229432459443667,0.160759821961734,0.876046265505725,0.114035384499475,0.0950680385989536,0.0367928970202462,0.304087736789631,0.116579784559301,0.243315913539732,-0.95928806039594,-0.0328132149094493,0,0.277419005113564,0,0,0.722580994886435,0,0,0
"429","camelid",0,0.00738367501013034,0.0599690880989181,0.0813449023861171,0.117735849056604,0.326616205357912,0.532668881506091,0.112134599944535,0.370546318289786,0.0450879296486337,-0.106928068918235,-9999,1.25835684500099,-0.639583737637856,0.725907389351468,0.163794004316788,0.850260009756706,0.142141608722811,0.0636835164528725,0.0332302936630603,0.314507198228128,0.0861001142442836,0.521427127728389,0.0246922424635308,0.150110748295679,0,1,0,0,0,0,0,0
"430","swine",0,-0.945670720507103,0.0600174596246181,0.107250755287009,0.170238095238095,0.537636881216648,0.497391304347826,-9999,0.436482084690554,0.0438045368895918,0.0739862189735922,-9999,1.15493496258748,0.324242933065752,-0.0942995682984015,0.169900833831885,0.904619513779572,0.14913798975705,0.0840641979615288,0.0313182016586643,0.304347826086956,0.0952052362455868,0.366252784190949,-0.854507512951681,-9999,0,0,0,0,0,1,0,0
"431","yinpterochiroptera",0,-0.104399544049688,0.0601760176017602,0.0827067669172932,0.178571428571429,0.126727788202135,0.521367521367521,0.855710492299015,0.322916666666667,0.0522451009432658,-0.384430123580557,-9999,1.2228392398374,-0.735205895452153,-0.0119424470614046,0.154174268469833,0.864962770283874,0.150588820365884,0.068379617411039,0.0313531353135314,0.316239316239316,0.104234098450535,0.19947293149318,-0.292296111939978,-9999,0,0,0,0,0,0,0.30169871754134,0.69830128245866
"432","yangochiroptera",0,-0.171174655163428,0.0497299729972997,0.0783410138248848,0.0815450643776824,0.512872707387716,0.506711409395973,0.247500923173333,0.158357771260997,0.0612487399790115,0.393712137669715,-9999,1.31672791754865,-1.34798338391098,0.30569300706252,0.155812694172548,0.869944206240667,0.139923899701005,0.0697056789719294,0.0344284428442844,0.26510067114094,0.0984080173721357,0.132018679510649,-0.0612248185738801,0.241467952508843,0,0,0,0,0,0,1,0
"433","carnivore",0,-2.28206142382919,0.0585490668272125,0.110647181628392,0.183418928833456,-9999,0.451048951048951,-9999,0.338709677419355,0.0608552681074299,0.250742922876323,-9999,1.30875381321631,-0.229481694246852,0.406434244906844,0.161116816382786,0.863054905062261,0.16810020780495,0.0810572218644046,0.0327363034316677,0.297202797202797,0.0895370543056039,0.371500820131062,-9999,0.501324316314729,0,0,1,0,0,0,0,0
"434","yinpterochiroptera",0,0.110698649009557,0.0487780144001623,0.160660660660661,0.188139059304703,0.500265863550988,0.435013262599469,-0.0189947087648579,0.150990099009901,0.0721674403126184,-0.290917776258179,-9999,1.24026845624358,-9999,0.521765115611915,0.150827453110109,0.863474044373212,0.156321168289616,0.108376017632098,0.0323496602778623,0.26790450928382,0.123608591538914,0.690091008713115,-0.321929604659583,-0.621634664115713,0,0,0,0,0,0,0,1
"435","rodent",0,0.146938962193524,0.0541545613015689,0.116504854368932,0.13202614379085,-0.504164483399208,0.530508474576271,0.412764004926637,0.267741935483871,0.0485901104003917,-0.0752994413760498,-9999,1.06712438900801,-0.449261491081537,0.0196202850092874,0.164054238722972,0.904624249260344,0.107198800264782,0.0909186086357845,0.0367228355607205,0.232203389830509,0.108701587184382,0.0895261094161549,-0.985355951499003,1.25319316854502,0,0,0,0,0.36813737778892,0,0,0.63186262221108
"436","yangochiroptera",0,0.13612715863802,0.0522118984884205,0.0778388278388278,0.156937073540561,-0.208332605707221,0.485280151946819,0.501445908069639,0.23728813559322,0.0494744983822572,0.204626583689824,-9999,1.11429282449664,-0.33531087704703,0.466393001285362,0.154141653251253,0.905455876965769,0.132014867542606,0.0909932985321916,0.0305782831784773,0.283000949667616,0.109639466264198,0.151416464634559,-1.42101338994564,0.246777402556339,0,0.665639158889362,0,0,0,0,0.334360841110638,0
"437","swine",0,-0.611963109411034,0.0492292986019835,0.083984375,0.190828402366864,-0.331523262709539,0.429012345679012,-9999,0.223270440251572,0.0540099795901864,0.0941561486386992,-9999,1.17560473644196,0.279817081557942,0.409120420778619,0.155501259918998,0.97734051668792,0.172416473307133,0.102975070976894,0.0248536264786713,0.324074074074074,0.135024948975466,0.104121866515335,-0.0654942062167404,-9999,0,0,0,0,0,1,0,0
"438","yangochiroptera",0,-0.796318879732484,0.0540300166759311,0.0725806451612903,0.11027027027027,-0.128873722350542,0.540284360189573,1.36192577010293,0.204819277108434,0.0465749768542448,0.329573014160941,-9999,1.27722899093542,-1.2528287175414,0.276591385757623,0.166662890148703,0.880432837873338,0.15105397898674,0.0674707772807439,0.0317954419121734,0.23696682464455,0.0928981970768451,0.433522419226499,-0.580933011946743,0.749379239539763,0,0,0,0,0,0,1,0
"439","bird",0,-0.109982632335846,0.0531890573801722,0.0449943757030371,0.140058055152395,-9999,0.540331491712707,-9999,0.345814977973568,0.0333176643216074,-0.396258773521086,-9999,1.10319526946603,0.0295408719597188,-0.0618822820574599,0.153114266183858,0.891251681617781,0.0979931303576688,0.0808443325450768,0.0344433437476187,0.259668508287293,0.0975031647058805,-0.029586625869207,-0.0633787785498627,1.09815681491821,1,0,0,0,0,0,0,0
