"","Reservoir","W.Bias","cat","brCpU","gat","NonBrGpG","G.Bias","ttg","ApA","UpC","brGpA","GpC","aac","tgg","CTG.Bias","cca","CTA.Bias","NonBrUpC","Q.Bias","ggc","AGC.Bias","NonBrUpA","NonBrApG","CGA.Bias","aag","ggt","NonBrCpG","agc","NonBrCpA","GGA.Bias","M.Bias","GCA.Bias","NonBrGpC","CpG","tga","E.Bias","aca","P.Bias","ctc","brGpC","AGT.Bias","K.Bias","tcg","NonBrUpU","brApU","C.Bias","ATA.Bias","tac","ApU","brGpU","L.Bias","Artiodactyl","Carnivore","Fish","Galloanserae","Insect","Neoaves","Plant","Primate","Pterobat","Rodent","Vespbat"
"1","Artiodactyl",0.0109475951184494,0.135450395540501,1.06602859364719,0.105861716903013,0.696803838883234,0.0570710696338837,0.0821907739930225,0.945920558949801,0.929451706816227,1.08827531753228,0.964632023817146,0.151231024147161,0.124929976469394,0.34703196347032,0.180162176592705,0.178082191780822,1.11514187911124,0.0357142857142857,0.139395552692166,0.223214285714286,0.791236297689576,0.933610390981114,0.0754189944134078,0.169641757521598,0.10849182167079,0.688959858602327,0.121642345509673,0.956317253215799,0.270440251572327,0.0233309404163676,0.308163265306122,1.0569994133825,0.881415528804752,0.134792869348557,0.0586862885857861,0.170299283713543,0.0617372577171572,0.0736429334977481,0.670420086078698,0.113095238095238,0.0536611629576454,0.0862964827869668,1.15040998451041,0.816487873975965,0.0269203158650395,0.305882352941176,0.130190186004948,0.916568116972675,1.05460521860397,0.0786073223259153,0,0,0,0,0,0.742583183993201,0,0.257416816006799,0,0,0
"2","Artiodactyl",0.0136108887109688,0.101828485238403,0.736027250443032,0.101828485238403,0.923981292999047,0.0760608486789432,0.181836580782862,0.942138822858689,0.823108292782954,0.989875946694628,1.08657182582854,0.0789690293685573,0.156898992561213,0.19327731092437,0.148586463153996,0.0840336134453782,0.813311665939316,0.0344275420336269,0.196383507245491,0.134078212290503,0.594384517766497,1.09112015047136,0.0833333333333333,0.0540314411469077,0.137156735219073,0.720361761260537,0.114297279349228,1.14293188429218,0.0368421052631579,0.0128102481985588,0.123552123552124,1.13347244872178,0.817942341154609,0.154820860209408,0.0476381104883907,0.0924768896552843,0.078062449959968,0.138195801394975,0.906611656273361,0.0614525139664805,0.0212169735788631,0.109305307239628,1.17307969800819,0.664043569107564,0.0248198558847078,0.193548387096774,0.117414477876934,1.03067909918298,0.563551204206973,0.0952762209767814,0.260893580459065,0,0,0,0,0,0,0.512540403420482,0,0,0.226566016120453
"3","Primate",0.0147527910685805,0.116991851487346,0.953143698794072,0.115991921132754,1.0642807753955,0.0745614035087719,0.123991363969495,1.05111009590886,1.01427336510551,1.01876188436553,0.876262763425828,0.142990040706757,0.180987394181279,0.222222222222222,0.19598634950017,0.0977777777777778,1.1778431991867,0.0354864433811802,0.12199150326031,0.117021276595745,0.487426852813441,1.06825540617605,0.0620689655172414,0.163988578153203,0.113992060423568,0.297299065698517,0.100992965813863,0.964992889774062,0.219251336898396,0.0279106858054226,0.263959390862944,0.971816300777947,0.456253604314178,0.171988020989945,0.0574162679425837,0.151989413898091,0.0717703349282297,0.123991363969495,0.623882743980783,0.186170212765957,0.0546251993620415,0.0561004728601163,1.20410785048894,0.56436416524966,0.0131578947368421,0.247933884297521,0.0699951248214893,0.913220553516048,0.676818747241282,0.0897129186602871,0.228316250703762,0.237621650353367,0,0,0,0,0,0.313484611645563,0,0.220577487297308,0
"4","Rodent",0.017175572519084,0.16328582299015,1.00725590173959,0.139337235618262,1.10681632653061,0.0553435114503817,0.204651564814322,1.05604981006173,1.14371439680518,1.09923664122137,0.921541607705457,0.113211503939837,0.141514379924797,0.171171171171171,0.111034359633302,0.135135135135135,1.24277140878664,0.0400763358778626,0.0805543393418074,0.162162162162162,0.37179600886918,0.993558441558442,0.0196078431372549,0.121920081165979,0.115388648246373,0.148769716088328,0.0936172051810195,1.29234298824204,0.224137931034483,0.0267175572519084,0.53448275862069,0.967003154574133,0.233929792725231,0.226423007879675,0.0534351145038168,0.167640111603221,0.0362595419847328,0.132805802698655,0.737588652482269,0.175675675675676,0.0715648854961832,0.0261744283032933,1.2554491374182,0.546409415276504,0.0219465648854962,0.164705882352941,0.0413657418241714,0.964959740078276,0.619144602851324,0.105916030534351,0,0,0,0,0,0,0,0,0,1,0
"5","Rodent",0.0171591992373689,0.159247340679005,1.22418108409303,0.137432636476402,1.06628903889084,0.0562440419447092,0.202876749084212,1.00738588886161,1.1535665544344,1.29604368932039,0.779108285432575,0.115617932273798,0.139614106896662,0.162393162393162,0.12434381395484,0.170940170940171,1.25282408791866,0.0390848427073403,0.0610811717672897,0.137931034482759,0.48897795096927,1.09687045016692,0.0377358490566038,0.1265252843751,0.104710580172497,0.199914185092725,0.0676255830280707,1.21662371134021,0.254237288135593,0.0209723546234509,0.533333333333333,0.810178539586305,0.238645781123492,0.172336163200567,0.0476644423260248,0.148339988577704,0.0381315538608198,0.12870675479536,0.641506543824477,0.195402298850575,0.0676835081029552,0.034968584574733,1.18874338957441,0.566781496062992,0.0247855100095329,0.236842105263158,0.06326264218755,0.89702966235841,0.624310068037612,0.111534795042898,0,0,0,0,0,0,0,0,0,1,0
"6","Rodent",0.0171591992373689,0.157866175364086,1.13746792290258,0.121599621564228,1.11745191137083,0.0543374642516683,0.228265956269692,1.05909418116035,1.04432678320591,1.19325377981342,0.891387648953653,0.125866274952447,0.125866274952447,0.175438596491228,0.125866274952447,0.0701754385964912,1.13854154889768,0.0371782650142993,0.0597331474350595,0.119565217391304,0.455317096696407,0.991305991305991,0.04,0.142932888505321,0.0938663745408078,0.116194062915374,0.0917330478466986,1.29104256399338,0.228070175438597,0.0209723546234509,0.51063829787234,0.894694284448383,0.186028726738154,0.209066016022708,0.0476644423260248,0.185599422387506,0.0409914204003813,0.108799661399573,0.832822230362656,0.195652173913043,0.0705433746425167,0.0192357276576186,1.25979785969084,0.677398661059419,0.0247855100095329,0.271604938271605,0.0575998207409503,0.889517738442688,0.541682200327158,0.108674928503337,0,0,0,0,0,0,0,0,0,1,0
"7","Rodent",0.0172248803827751,0.184351879821408,1.21194295414726,0.140458575102025,1.12916918120851,0.0583732057416268,0.17996254934947,1.01354914244489,1.17015358007432,1.23972958918357,0.816084655978609,0.116317257506365,0.151431901281871,0.154471544715447,0.114122592270396,0.0975609756097561,1.28285701029971,0.0373205741626794,0.0702292875510126,0.107142857142857,0.497074478007287,1.08124567942052,0.0576923076923077,0.116317257506365,0.122901253214272,0.189829558196905,0.0768132832589201,1.2306304520222,0.295081967213115,0.0229665071770335,0.555555555555556,0.822594752186589,0.25326765185543,0.168989223169624,0.0468899521531101,0.162405227461717,0.0382775119617225,0.144847905573964,0.7181633688483,0.178571428571429,0.0708133971291866,0.0439751189177564,1.21797884584884,0.698734271438452,0.0248803827751196,0.253164556962025,0.0548666308992286,0.947970241435801,0.62535895736691,0.117703349282297,0,0,0,0,0,0,0,0,0,1,0
"8","Rodent",0.0107174754391188,0.175446608643662,1.28664000521119,0.122146373106347,0.924301873110218,0.052694254242334,0.193213353822767,1.03398702832663,1.12949088886221,1.04838149156783,0.863503780213471,0.115483843664183,0.162121549759333,0.170792079207921,0.137692275138064,0.138613861386139,1.22168193304398,0.0342363798749628,0.088833725895525,0.150877192982456,0.529041777758665,1.15718499058194,0.0384615384615385,0.119925529958959,0.102158784779854,0.166848134917008,0.0932754121903013,1.1649553465795,0.254237288135593,0.0279845192021435,0.386861313868613,0.870947264266782,0.233680146707254,0.193213353822767,0.0640071449836261,0.17766745179105,0.0339386722238762,0.131029745695899,0.732389839000917,0.185964912280702,0.0714498362607919,0.0266997918142948,1.25834210487844,0.699473938203222,0.0273891038999702,0.324022346368715,0.0755086670111963,0.862216910985174,0.767355924207878,0.120273891039,0,0,0,0,0,0,0,0,0,1,0
"9","Artiodactyl",0.0140618722378465,0.0999749008015559,0.808092628348903,0.0937264695014587,0.897627936623566,0.0747288067496987,0.148920945985651,0.958832513345774,0.803787534383512,0.984456984456984,1.06723776340222,0.0697741495177526,0.164542024235894,0.238493723849372,0.168707645102626,0.0920502092050209,0.842058967809598,0.0325431900361591,0.177038886836089,0.116022099447514,0.659168606383902,1.0311468472281,0.103448275862069,0.0624843130009724,0.146838135552285,0.743141208096142,0.119761599918531,1.0325104432583,0.0591397849462366,0.0132583366813982,0.135658914728682,1.13413187855788,0.804745627419796,0.147879540768968,0.0466050622740056,0.0916436590680929,0.0815588589795098,0.119761599918531,0.85076529520974,0.0939226519337016,0.0204901566894335,0.104334632668882,1.11800217727914,0.634227233032096,0.0245078344716754,0.266666666666667,0.110388952968385,1.0934197250741,0.576988216798643,0.0960224989955806,0.259124804432193,0,0,0,0,0,0,0.508493230475391,0,0,0.232381965092416
"10","Primate",0.0199818346957312,0.133237006880489,0.974884275093645,0.138788548833843,1.26789615404156,0.0762942779291553,0.182090576070002,1.10988839638746,1.01802239109932,0.857638866869177,0.860221938158002,0.156553483084575,0.190973043195368,0.119170984455959,0.184311192851344,0.0725388601036269,1.15545372881649,0.0381471389645777,0.091045288035001,0.0621468926553672,0.491642009165374,0.798461727033156,0.0533333333333333,0.138788548833843,0.122133922973782,0.288936811117957,0.0899349796443303,1.15506819203677,0.220238095238095,0.0186194368755677,0.346938775510204,0.933810273613108,0.382631186778072,0.173208108944636,0.0431425976385105,0.17875965089799,0.0644868301544051,0.141009165615184,0.660379025021022,0.141242937853107,0.05858310626703,0.034483715879807,1.1393370190628,0.710888408461803,0.016802906448683,0.293103448275862,0.0921555964256718,0.932627865790605,0.73220558087304,0.0876475930971844,0.238372863389426,0,0,0,0,0,0,0.520576318230318,0,0.241050818380256,0
"11","Primate",0.0114468864468864,0.126942412506108,0.885007973044802,0.133035648306401,1.16235749298709,0.0654761904761905,0.147253198507085,0.94594347362736,0.890917787157988,0.664326250856751,0.833952362901727,0.164517366607916,0.145222119906988,0.115183246073298,0.166548445208014,0.172774869109948,0.886499205835637,0.0407509157509158,0.0639789759030785,0.0740740740740741,0.665601414292514,0.845791317475371,0.0833333333333333,0.136082266206548,0.106631626505131,0.170056430951623,0.0873363798042023,1.38631256384065,0.307692307692308,0.0228937728937729,0.513274336283186,0.954510289857499,0.252380320351838,0.138113344806646,0.048992673992674,0.225449724610848,0.0581501831501832,0.0629634366030296,0.583574257425743,0.228395061728395,0.0590659340659341,0.0162789151633263,1.24389865043904,0.686169307133845,0.0187728937728938,0.418918918918919,0.131004569706303,0.93003927518941,0.810431301182894,0.0874542124542124,0,0,0,0,0,0,0,0.514245327350725,0,0,0.485754672649275
"12","Artiodactyl",0.0125798993608051,0.0924959639876915,0.639501420425181,0.146526058336271,0.844759928574139,0.0593635250917993,0.237687945920294,1.06274806973169,0.697790970517447,0.633894976476651,1.31232275373584,0.0744859325381651,0.157421015632898,0.0712187958883994,0.0691496269234905,0.0726872246696035,0.601649379159746,0.0354277165782674,0.0562535550213605,0.0967741935483871,0.585196000219088,0.884118761437543,0.0699588477366255,0.141412098788875,0.126070220146685,0.453983991954071,0.0820456988256206,1.33276133549654,0.15807560137457,0.0221678226574187,0.290460878885316,1.36092486275824,0.46986086067995,0.149638903278164,0.0371957024343805,0.106948458360768,0.0339317285461716,0.0460256359265677,1.29273713514717,0.325426944971537,0.0592955256357949,0.0262857396546317,1.02050599132051,0.521658043248341,0.0348157214742282,0.316537467700258,0.115842301051893,0.93810967521268,0.508747315693517,0.0926152590779274,0.336228744208335,0,0,0,0,0,0,0,0.443743651524815,0,0.22002760426685
"13","Rodent",0.0171919770773639,0.156069676775651,1.22020610149387,0.136560967178695,1.05427083333333,0.058261700095511,0.21459580556652,1.07924984506641,1.20108848193119,1.11949685534591,0.83708213195376,0.121387526381062,0.156069676775651,0.147286821705426,0.117052257581738,0.108527131782946,1.27975688707556,0.0334288443170965,0.084537741586811,0.0978260869565217,0.418866074648395,1.05365466101695,0.0192307692307692,0.123555160780724,0.112716988782415,0.207408874801902,0.0997111823844438,1.31300363963577,0.278688524590164,0.0257879656160458,0.333333333333333,0.829635499207607,0.242131195193236,0.212428171166858,0.049665711556829,0.158237311175313,0.0382043935052531,0.132225698379371,0.762637949448202,0.25,0.0697230181470869,0.0347467956144135,1.24417157084654,0.654878847413229,0.0238777459407832,0.283582089552239,0.0563584943912074,0.889427675589271,0.650776587463395,0.123209169054441,0,0,0,0,0,0,0,0,0,1,0
"14","Rodent",0.0131950989632422,0.188454873091873,1.144113902072,0.114419030091494,1.12609531608501,0.0678605089538172,0.17948083151607,1.02282689195834,1.05411544079039,1.18454191787894,0.932173663484818,0.145828175606806,0.134610623637052,0.144,0.177237321122119,0.144,1.10185499914129,0.0433553251649387,0.0987144573338382,0.189873417721519,0.520680446538053,0.983410596794969,0.0222222222222222,0.139097644424954,0.0919839261519856,0.186317588661339,0.10320147812174,1.12435877051934,0.222222222222222,0.0348727615457116,0.39344262295082,1.06201025536963,0.323153536674737,0.190698383485824,0.0386427898209237,0.161532748364463,0.0348727615457116,0.150315196394708,0.580731398018988,0.20253164556962,0.0640904806786051,0.0382107665158775,1.19658617210946,0.644789007202607,0.0263901979264844,0.17741935483871,0.0762793533943295,0.93188389776886,0.71110174156448,0.117813383600377,0,0,0,0,0,0,0,0,0,1,0
"15","Rodent",0.0121836925960637,0.192309826313627,1.14194301526223,0.0885921671781878,1.09707004193006,0.0581068416119963,0.205274533705557,1.03504893749213,0.980603129322572,1.10545389468033,0.973145793012633,0.129647073919299,0.123164720223334,0.17037037037037,0.168541196095089,0.17037037037037,1.01964323635591,0.0412371134020619,0.0734666752209362,0.144736842105263,0.594106643763829,0.951377881010784,0.0612244897959184,0.127486289353978,0.105878443700761,0.141828424339607,0.0993960900047961,1.10328584558824,0.241935483870968,0.0337394564198688,0.423728813559322,0.992798970377247,0.236528491357237,0.162058842399124,0.0431115276476101,0.177184334356376,0.0412371134020619,0.133968643049943,0.830796625259677,0.223684210526316,0.0618556701030928,0.0368018061067319,1.14029897431219,0.67381484692248,0.0271790065604499,0.309090909090909,0.0777882443515795,0.920858196914191,0.540536383735461,0.126522961574508,0,0,0,0,0,0,0,0,0,1,0
"16","Neoaves",0.0108108108108108,0.14546304560392,1.06996749900386,0.101562036345079,0.707720995373767,0.0575516693163752,0.100251558456756,0.995191381764602,0.958024698002887,1.00363100725686,1.03588516384157,0.144807806659758,0.107459186842536,0.334801762114537,0.174948798091201,0.101321585903084,1.14759747932257,0.0352941176470588,0.115977293116639,0.245535714285714,0.663875598086124,0.96546040733027,0.069620253164557,0.184777382253628,0.0753524785786073,0.679365705313253,0.143497328771435,0.973650863463606,0.458563535911602,0.021939586645469,0.284172661870504,1.13614059932933,0.892098118711324,0.117287771004963,0.0575516693163752,0.163809736040451,0.0686804451510334,0.0819048680202254,0.726270000057769,0.129464285714286,0.065818759936407,0.0997819604228416,1.35175012153622,0.871077242351814,0.0276629570747218,0.221476510067114,0.110080142619183,0.962342542130477,1.00336096393523,0.0721780604133545,0,0,0,0,0,1,0,0,0,0,0
"17","Neoaves",0.0110317975340688,0.133564738329835,0.973231834692049,0.119180843432775,0.82346374202477,0.0587280986372485,0.122605580313028,0.973974135356062,0.921258917939996,0.879803806816598,1.01880974283585,0.139729264714288,0.140414212090339,0.321739130434783,0.145893791098742,0.130434782608696,0.977292755551398,0.0343932511356262,0.119180843432775,0.202764976958525,0.707006135644854,0.92058494121072,0.0674157303370786,0.145893791098742,0.122605580313028,0.642345715061174,0.115756106552523,1.08141089866177,0.204419889502762,0.0171966255678131,0.268,1.09436677380793,0.782615096572869,0.140414212090339,0.0538611291369241,0.159592738619751,0.063270603504218,0.0835635798781529,0.787992905068633,0.175115207373272,0.054834523036989,0.0610739424407491,1.09853367853461,0.742647264978832,0.0285528877352369,0.288135593220339,0.136989475210087,0.992594229120222,0.789469637031936,0.0746268656716418,0,0,0,0,0,1,0,0,0,0,0
"18","Primate",0.0129460056836123,0.150349340304433,1.07576053778585,0.110513190309241,0.718901214737885,0.0587306599305336,0.0950927451498124,0.908796588097526,0.948812257246569,1.02208271243785,0.964890510076338,0.151634377401052,0.141996599176409,0.296442687747036,0.16898237820541,0.154150197628458,1.13065953842502,0.0325228923271235,0.109870671760932,0.202970297029703,0.691980910739679,0.882398184082973,0.111111111111111,0.144566673369647,0.114368301599099,0.685435781803602,0.117580894340646,1.10981941468268,0.317204301075269,0.0227344490053679,0.309963099630996,1.05007838626478,0.83562288193214,0.136856450789933,0.050836754025892,0.203678379814125,0.0653615408904326,0.0751746701522166,0.700651124957044,0.148514851485149,0.0533628039153773,0.0939825593769817,1.14972946160703,0.868507285260866,0.0258920113672245,0.251700680272109,0.127861191113599,0.960656601049275,0.977372813843628,0.0798863277549732,0.253325381991666,0,0,0,0,0.746674618008334,0,0,0,0,0
"19","Carnivore",0.0122587968217934,0.107671945523242,0.814758671365554,0.112269174657942,0.926486778381123,0.065531592886871,0.231313213303863,1.09569186639869,0.722216814826679,0.564691714229177,1.13852595459708,0.127512618630895,0.154612074582812,0.0590308370044053,0.0677486398797925,0.0977973568281938,0.728160450941973,0.0278471433976542,0.0534730336194076,0.0632368703108253,0.598557763217024,0.738138552852339,0.0582750582750583,0.127996537487179,0.145417616313412,0.44925927593987,0.0696843153049294,1.27927846422218,0.0877598152424942,0.0210367007188801,0.301818181818182,1.28298081686675,0.53865744088464,0.152434439729533,0.0395005675368899,0.168645721415055,0.0335225122966326,0.0491177639128495,0.878437151184954,0.293676312968917,0.0604615966704502,0.0305437134757715,1.0422449608165,0.504912270720657,0.0358683314415437,0.293370944992948,0.128722415771606,0.847787127748916,0.581246684044344,0.0858872493378736,0,0.513295136839352,0,0,0,0,0,0.2435892451303,0.243115618030347,0,0
"20","Insect",0.015743263699667,0.16194688585458,1.33277124611613,0.121460164390935,0.870093490125859,0.0578262185891614,0.222676968050048,0.94257250300424,1.09840751757598,1.20074794063642,0.940529881265021,0.121460164390935,0.148451312033365,0.222950819672131,0.13495573821215,0.177049180327869,1.17039716097421,0.0314865273993339,0.101216803659113,0.175548589341693,0.593176663648028,1.19422333997381,0.0344827586206896,0.175442459675795,0.0877212298378977,0.227802858359948,0.141703525122758,1.12698479735814,0.329842931937173,0.0290644868301544,0.37012987012987,0.994962484307419,0.265850489003652,0.209181394228833,0.0669088707235846,0.148451312033365,0.03905540417802,0.0742256560166827,0.79683757521469,0.203761755485893,0.0675143808658795,0.0270414573450525,1.09450709181045,0.606183394789092,0.0272479564032698,0.408071748878924,0.0809734429272902,0.914291162221508,0.717076627188987,0.0923402966999697,0.0909090909090909,0.0909090909090909,0.0909090909090909,0.0909090909090909,0.0909090909090909,0.0909090909090909,0.0909090909090909,0.0909090909090909,0.0909090909090909,0.0909090909090909,0.0909090909090909
"21","Carnivore",0.0151104223169314,0.114718788556174,1.28149654810709,0.112806808746905,0.894446350783118,0.0829135993800852,0.103246909700557,1.06329198294801,1.07253563017328,1.11261196459534,0.958584171983377,0.108982849128365,0.182594071785244,0.207920792079208,0.195021940545496,0.0544554455445545,1.3751581022977,0.03525765207284,0.184506051594513,0.190184049079755,0.533811626744939,1.21446890444489,0.0363636363636364,0.136706556362774,0.159650314074009,0.521028194603324,0.116630768365444,0.722434051340744,0.0514018691588785,0.0244091437427354,0.125984251968504,0.997140165533948,0.77735185196777,0.13383858664887,0.0608291359938008,0.100378939986652,0.0662533901588532,0.160606303978644,0.711165907701056,0.0920245398773006,0.0468810538550949,0.117805932160692,1.19389202598613,0.428440849790876,0.0127857419604804,0.201754385964912,0.0640513236105306,1.00413740773309,0.739090789636101,0.0782642386671833,0.248567780426897,0,0,0,0,0,0,0.510457745285257,0,0.240974474287845,0
"22","Primate",0.0151898734177215,0.111845166738144,1.25072486956621,0.0647991839038453,1.24411284780051,0.0725738396624473,0.105631546363803,1.25813555684743,1.15184089960378,1.0756885402477,0.854065606558294,0.100305586042939,0.154452849305056,0.148471615720524,0.169543070214171,0.0305676855895196,1.30357355429524,0.0320675105485232,0.122497087379872,0.0201612903225806,0.493582848743781,0.823983181151921,0.0571428571428571,0.0523719431551627,0.110069846631189,0.483582611624638,0.0576979034760267,0.655219842221141,0.104651162790698,0.0118143459915612,0.131221719457014,1.07366853652375,0.712041213557589,0.0967549458290294,0.0253164556962025,0.0887660053477334,0.0869198312236287,0.31955761925184,0.363166013547825,0.0403225806451613,0.0248945147679325,0.100492548978789,0.870922181617396,0.385993170693103,0.0143459915611814,0.0344827586206896,0.098530265935984,0.90807641527376,0.539827971690645,0.0966244725738397,0,1,0,0,0,0,0,0,0,0,0
"23","Carnivore",0.0163661581137309,0.132528985766319,1.24640720833113,0.163160685306647,1.06698481242828,0.0588072122052705,0.145656856997888,0.96473358570409,1.30688568595417,1.22679174708636,0.652201116913293,0.125027345062565,0.141280899920698,0.19949494949495,0.116275430908185,0.148989898989899,1.38017697094302,0.0296809986130375,0.0806426375653543,0.0919540229885058,0.637428542617114,1.07189359155076,0.116071428571429,0.170662326010401,0.0887694149944211,0.346377166740959,0.0768918172134774,0.934639886308766,0.344339622641509,0.0252427184466019,0.339393939393939,0.69541877322608,0.444278689995431,0.170662326010401,0.0588072122052705,0.13502953266757,0.0477115117891817,0.148157403899139,0.501619154595579,0.10632183908046,0.0538141470180305,0.0557408725317061,1.09570060206768,0.781685094755844,0.0180305131761442,0.342465753424658,0.0737661335869133,0.974456367177042,0.877318206443343,0.109847434119279,0,1,0,0,0,0,0,0,0,0,0
"24","Carnivore",0.0166435506241331,0.140060238994144,1.22860342345225,0.149481331303168,1.11780852135333,0.0585298196948682,0.13817602053234,0.97690675978105,1.29665980138301,1.23893661197736,0.656595339780784,0.1218461271967,0.136919874891137,0.192405063291139,0.123102272837903,0.116455696202532,1.34444446563184,0.0294036061026352,0.0747406656515838,0.0945558739255014,0.680797977892164,1.10265538170381,0.0807174887892377,0.157646277970988,0.092326704628427,0.346973933960462,0.0759968112927869,0.911614895058912,0.308056872037915,0.0257975034674064,0.339622641509434,0.710086190430713,0.44131817919692,0.167695443100612,0.0588072122052705,0.150109404123769,0.046879334257975,0.156390132329785,0.484452690166976,0.0888252148997135,0.0552011095700416,0.0522272110422724,1.09994449029702,0.804585999782355,0.0171983356449376,0.391304347826087,0.0722283743691776,1.01389404478122,0.833495731592036,0.109570041608877,0,1,0,0,0,0,0,0,0,0,0
"25","Carnivore",0.0163661581137309,0.130959176952616,1.32131589643671,0.169181711852662,1.03772889595942,0.0588072122052705,0.147250749205095,0.944973651893367,1.32757834841585,1.25198988114817,0.670516868657163,0.125319786557527,0.134718770549342,0.214833759590793,0.118427198296863,0.166240409207161,1.37231049321417,0.0299583911234397,0.0714322783377906,0.1,0.650579883503224,1.07959789134164,0.112612612612613,0.1723147065166,0.0946164388509332,0.342233297733476,0.084590855926331,0.934251249161011,0.382075471698113,0.0252427184466019,0.291666666666667,0.732593152960721,0.456522123341047,0.173567904382175,0.0576976421636616,0.133465572683767,0.0466019417475728,0.158529529995272,0.483805461981843,0.102857142857143,0.0535367545076283,0.0539879509482014,1.08050138504155,0.788743879677894,0.0183079056865465,0.328888888888889,0.0833376580607557,0.980385296111687,0.894900884731556,0.108460471567268,0,1,0,0,0,0,0,0,0,0,0
"26","Vespbat",0.0131463628396144,0.0934468811407124,1.33132260718198,0.104126524699651,1.02227556118121,0.0635407537248028,0.157524742494344,1.15724131472905,0.997544552047246,0.828249818445897,0.868650306278226,0.16909435634986,0.170874296943017,0.167539267015707,0.14951500982514,0.0994764397905759,1.10883388740942,0.0359333917616126,0.115696138555168,0.0764705882352941,0.45468286663607,0.836693454731268,0.0833333333333333,0.144175188045671,0.0987867029201817,0.319701873099931,0.0854371484715085,0.992605480643758,0.358620689655172,0.0223488168273444,0.303571428571428,1.01105717367853,0.508933154905341,0.150404980121718,0.0582822085889571,0.173544207832752,0.0683610867659947,0.152184920714874,0.528610181221359,0.0529411764705882,0.0525854513584575,0.0561726359442919,1.25691098324327,0.448971557917528,0.0166520595968449,0.149532710280374,0.121035960334637,0.75687008629947,0.482584401825792,0.0836985100788782,0,0,0,0,0,0,0,0.497758199705853,0.244052803678266,0,0.258188996615881
"27","Vespbat",0.0126475548060708,0.124725263744712,0.783901230183816,0.189036727863079,1.03608435050596,0.0670320404721754,0.215345963184229,1.02843144488925,0.908824765953368,0.967188285960379,0.896017164944602,0.12082759925269,0.154932163557884,0.054726368159204,0.170522821525973,0.0497512437810945,0.963702924989178,0.0387858347386172,0.0867230349474951,0.0555555555555556,0.384024902756197,1.07661725566555,0.0202020202020202,0.148111250696846,0.125699679867718,0.205133977597189,0.077953289840445,1.31812036916677,0.245283018867925,0.0231871838111298,0.335195530726257,1.02985629569201,0.231680450748916,0.178318150510018,0.0489038785834739,0.126674095990723,0.0602866779089376,0.0954927800545451,0.606652452025586,0.0888888888888889,0.0577571669477234,0.0263582739845951,1.22747478555943,0.474999582630762,0.0252951096121417,0.138461538461538,0.0857486188244895,0.944425837010783,0.659046087580761,0.0847386172006745,0,0,0,0,0,0,0,0.246967261457333,0.24747609080291,0,0.505556647739757
"28","Carnivore",0.0115424973767051,0.129630591980065,0.85651014621092,0.122656033227891,0.944804871816889,0.0633338330085444,0.229198430718,1.12300410465716,0.853893236342118,0.621632116094559,1.13274209458873,0.134440632498806,0.150554268236588,0.0677361853832442,0.0774416523517273,0.0811051693404635,0.835473458299353,0.0299055613850997,0.046657393031786,0.105779716466739,0.484562182549046,0.758485750650457,0.0422885572139304,0.156807320910951,0.125061053487261,0.264716778525215,0.0784036604554755,1.20433434540092,0.192899408284024,0.0227851896267426,0.310385064177363,1.31715352553639,0.375198485589326,0.181579029582466,0.0505171638435017,0.177009491089662,0.0326787588067756,0.0644545429511271,0.757713445517004,0.270447110141767,0.0669314945285564,0.0293959372960231,1.10235900304734,0.52760422001434,0.0310298306101034,0.181242078580482,0.125061053487261,0.84681184082318,0.480079884780897,0.0840953380302803,0,0.538022015241321,0,0,0,0,0,0,0.23130567315834,0,0.230672311600339
"29","Carnivore",0.0177276390008058,0.112040174464162,1.40572666039579,0.0849054447111229,1.16556401909426,0.0656728444802579,0.10328703583415,1.26598666470048,1.13744836970582,1.09236868524883,0.773569152365795,0.144426787395209,0.175938086463255,0.160550458715596,0.244212567777354,0.0275229357798165,1.38286661337232,0.0362610797743755,0.102411721971148,0.0222222222222222,0.456608286340056,0.744418655245829,0.0306122448979592,0.0875313863001267,0.0980351526561419,0.409821146177651,0.0595213426840862,0.755563640550003,0.245398773006135,0.0157131345688961,0.115942028985507,0.929312739923968,0.627322247938431,0.11028954673816,0.0398871877518131,0.115541429916167,0.0777598710717164,0.26959666980439,0.392570667368157,0.0266666666666667,0.0366639806607575,0.0841867574188142,0.93024037211553,0.566408766665312,0.0145044319097502,0.0403225806451613,0.0840301308481217,0.863039392514152,0.555543030406206,0.0878323932312651,0,0.5045774435637,0,0.4954225564363,0,0,0,0,0,0,0
"30","Carnivore",0.0163661581137309,0.137251553699957,1.27660678608187,0.164953702153159,1.08238164905232,0.0593619972260749,0.136621959416929,0.973786198871358,1.32408008402375,1.24160335207199,0.664163424444852,0.133473988001793,0.132844393718765,0.197435897435897,0.116474942360055,0.158974358974359,1.40808048004606,0.0296809986130375,0.0818472567935522,0.0833333333333333,0.672234513274336,1.06539622274143,0.102222222222222,0.175027210681596,0.0975871138692353,0.395152599908023,0.0793288796614429,0.926162427022519,0.317757009345794,0.0249653259361997,0.304878048780488,0.692834225172067,0.488458814803357,0.175027210681596,0.0576976421636616,0.134733176567847,0.0477115117891817,0.154250599341695,0.536739424677567,0.109195402298851,0.0540915395284327,0.0674921551204343,1.06718615396664,0.771713140649186,0.0180305131761442,0.366515837104072,0.0780696910953882,0.982853607088378,0.920799518285437,0.108183079056865,0,1,0,0,0,0,0,0,0,0,0
"31","Insect",0.00717772035601493,0.105481808644549,0.872208272763314,0.117891433190967,1.09624826891603,0.0433534309503302,0.155120306830219,1.00713583047608,1.03649172921483,0.733569632902893,0.940091678675684,0.124096245464175,0.105481808644549,0.0602409638554217,0.0372288736392526,0.177710843373494,1.10238275598146,0.0327304048234281,0.0434336859124614,0.113970588235294,0.694364699439111,0.857031335546358,0.0172413793103448,0.14891549455701,0.0868673718249228,0.215461322832308,0.0558433104588789,1.35775634006262,0.264900662251656,0.0312948607522251,0.473214285714286,1.10193076534237,0.320205899286914,0.142710682283802,0.0565604364053977,0.186144368196263,0.0267011197243755,0.0496384981856702,0.624739691795085,0.231617647058824,0.0921619293712317,0.0248655105211268,1.1570868300205,0.763553823537531,0.0215331610680448,0.446601941747573,0.0930721840981316,0.997881312606572,0.661680821396882,0.0953201263278783,0.0909090909090909,0.0909090909090909,0.0909090909090909,0.0909090909090909,0.0909090909090909,0.0909090909090909,0.0909090909090909,0.0909090909090909,0.0909090909090909,0.0909090909090909,0.0909090909090909
"32","Carnivore",0.0163661581137309,0.143695178599297,1.2677686698972,0.179306592426079,1.04712291459422,0.0596393897364771,0.141820893661045,0.913095490574123,1.35299743137881,1.34471409841329,0.659307014808977,0.11058281135685,0.134948515554122,0.204663212435233,0.123078044278528,0.150259067357513,1.39568631534541,0.0288488210818308,0.0737218742379001,0.102857142857143,0.641396904949429,1.13562025811377,0.0909090909090909,0.173683737611324,0.0924647236204171,0.381620578929416,0.0862171071595781,0.942842906923173,0.344186046511628,0.0252427184466019,0.352564102564103,0.662535727308013,0.447197519428073,0.177432307487827,0.0576976421636616,0.134323753908038,0.049375866851595,0.154316126582723,0.579072379143325,0.0914285714285714,0.0540915395284327,0.0494481666563415,1.06775532944509,0.794188287620459,0.0174757281553398,0.314410480349345,0.0712228276535645,1.04361963636718,0.874370779839177,0.107073509015257,0,1,0,0,0,0,0,0,0,0,0
"33","Galloanserae",0.0127458120903132,0.085669325407648,0.812964837130484,0.162099801996824,1.0412634887567,0.0542607428987618,0.194015825187909,1.18693654457413,1.11763336505243,1.03794874397683,0.882837168097258,0.0923884881847184,0.160420011302556,0.12962962962963,0.0957480695732536,0.0555555555555556,0.934634437496069,0.0404224326292789,0.0688714184649719,0.0220264317180617,0.376854016657304,0.931445202251672,0.0681818181818182,0.121784825334402,0.104147023044592,0.417541321804598,0.0764304765891761,1.21521971034476,0.275167785234899,0.0203932993445011,0.247619047619048,0.985547984800042,0.438910523911989,0.201574883312113,0.0579024034959942,0.115065662557331,0.068463219227968,0.179737604286634,0.664187892181375,0.0440528634361234,0.0407865986890022,0.0479632688008806,1.02178856410468,0.406561261895064,0.0236707938820102,0.115942028985507,0.0915485928375846,0.934647407756548,0.363735935644461,0.0786598689002185,0,0,0,1,0,0,0,0,0,0,0
"34","Carnivore",0.0201066885514977,0.108961216416335,1.31988742964353,0.0740270859622429,1.12460698296958,0.0648338120640131,0.0889988561568538,1.33947178637553,1.14098427551831,1.04119077834179,0.790514348121711,0.129755341686628,0.158035352054226,0.164502164502165,0.219585962854294,0.00432900432900433,1.32615262556664,0.0439064423471481,0.113951806481205,0.0235849056603774,0.430510482851079,0.819899180773695,0.0849056603773585,0.0756906159838663,0.103138861340653,0.471579442215395,0.0524011956811382,0.681701509500408,0.170886075949367,0.0172343044727124,0.0900900900900901,0.927173140626879,0.683928143880581,0.0981482712757827,0.0377513336068937,0.10147533131903,0.090274928190398,0.255351858319197,0.430837563451777,0.0141509433962264,0.0307755437012721,0.0791649597156582,0.97867271753092,0.571294559099437,0.0118998768978252,0.0194174757281553,0.0740270859622429,0.922869128946106,0.587727735926325,0.0947886745999179,0,0.767736547036979,0,0.232263452963021,0,0,0,0,0,0,0
"35","Rodent",0.0144385026737968,0.146347020637701,0.826815261345916,0.154049495408107,1.08123774208148,0.0561497326203209,0.138644545867296,0.98464775058171,0.979250252606237,0.729540609455336,1.02451607150223,0.146347020637701,0.134793308482093,0.072,0.0962809346300666,0.152,0.883941001474506,0.0438502673796791,0.0616197981632427,0.0666666666666667,0.679627937147197,0.849054495615124,0.0903614457831325,0.161751970178512,0.080875985089256,0.237914512073628,0.0847272224744586,1.75271204086807,0.295238095238095,0.024331550802139,0.590909090909091,1.16941031358224,0.231255596192104,0.165603207563715,0.0614973262032086,0.142495783252499,0.0406417112299465,0.0616197981632427,0.795740351940434,0.237037037037037,0.0684491978609626,0.0154336633413714,1.198211625248,0.883549840968591,0.0272727272727273,0.341463414634146,0.111685884170877,0.995083770278739,0.541372229559718,0.100267379679144,0,0,0,0,0,0,0,0,0,1,0
"36","Carnivore",0.0192229038854806,0.116796641475072,1.38681288100808,0.0621258731250381,1.18246944639762,0.0670756646216769,0.0762077377000467,1.30652685648987,1.15078543891748,0.766297498055831,0.830452500059823,0.135848575900083,0.14744540555009,0.138528138528139,0.234421627925144,0.0216450216450216,1.48405886612429,0.0392638036809816,0.127565126150078,0.0301507537688442,0.490350349423798,0.72772540060493,0.0636363636363636,0.0869762223750533,0.0778644276500478,0.438818544743112,0.0629542181000386,0.677415402412532,0.25609756097561,0.016359918200409,0.127753303964758,0.985370983704592,0.749860063345156,0.0778644276500478,0.0413087934560327,0.0944313271500579,0.0867075664621677,0.261757012100161,0.429191576204449,0.0100502512562814,0.0298568507157464,0.0979268966779242,0.968390049292656,0.642611544840419,0.0118609406952965,0.0350877192982456,0.0828344975000508,0.965115918306581,0.63549800038088,0.094478527607362,0,0.770290420054541,0,0,0,0,0,0.229709579945459,0,0,0
"37","Galloanserae",0.0201397451705713,0.112882458286428,1.56655866152721,0.100787909184311,1.24130122956041,0.0900123304562269,0.140095193766192,0.984313533514983,0.946532877391272,1.04530644379845,0.906444763316877,0.134047919215133,0.233827949307601,0.146788990825688,0.173355203797014,0.110091743119266,0.983778260869565,0.0349362926428278,0.160252775603054,0.153846153846154,0.522970200293112,0.852355302204073,0.099290780141844,0.0856697228066641,0.13304004012329,0.505522778575826,0.0997800300924676,1.18046475995914,0.118721461187215,0.0209617755856967,0.275109170305677,1.0419386158424,0.466332119970873,0.138079435582506,0.0349362926428278,0.147150347409094,0.0785039046444719,0.189481269266504,0.599431560916267,0.0604395604395604,0.0221948212083847,0.0504878855691959,1.08542155009452,0.227501802351375,0.0131524866420058,0.189189189189189,0.102803667367997,0.943189562212764,0.267541597023036,0.0896013152486642,0,0,0,1,0,0,0,0,0,0,0
"38","Artiodactyl",0.0159137577002053,0.103565320877586,1.30127402606967,0.117334120763045,1.03633548467413,0.0741786447638604,0.128708346755381,0.96702168675026,0.755497089837783,0.975387015534729,0.863864968761859,0.158041876946142,0.171212033358321,0.278215223097113,0.146667650953806,0.165354330708661,0.889492355035007,0.0320841889117043,0.104163964350866,0.219895287958115,0.892431886482737,0.904983128759353,0.0252525252525252,0.21371571996126,0.136490711908032,0.234220267743165,0.102966677404305,1.04067709051905,0.242214532871972,0.0215605749486653,0.369294605809129,0.954323005804598,0.355513660221227,0.176001181144567,0.0675051334702259,0.189171337556746,0.0415811088295688,0.0598643473280842,0.604652783423733,0.261780104712042,0.0762320328542094,0.0293882059385402,1.1965487096811,0.73237954489975,0.018993839835729,0.592417061611374,0.123919198969134,0.881042624364209,0.807269010045561,0.0977926078028747,1,0,0,0,0,0,0,0,0,0,0
"39","Carnivore",0.0163661581137309,0.134079750242819,1.35412763428217,0.169960246786673,1.0834232208387,0.0585298196948682,0.1422630213844,0.944629106101286,1.32745473995984,1.24160805218708,0.685639449386477,0.117713207959658,0.129673373474276,0.196891191709845,0.119601655146177,0.142487046632124,1.41205831099077,0.0299583911234397,0.0818327114158053,0.111111111111111,0.660451215851306,1.09710768280869,0.117903930131004,0.161147493249586,0.0900159825573859,0.332117809463831,0.0830916762068177,0.954949000888337,0.341232227488152,0.0249653259361997,0.327272727272727,0.730132009694294,0.450060766776765,0.17373714115971,0.058252427184466,0.132191303056301,0.0482662968099861,0.158629563667561,0.527816774401146,0.0883190883190883,0.0524271844660194,0.059281636626434,1.08982695697117,0.813179934785109,0.0180305131761442,0.339285714285714,0.0780558170427681,0.999995768171089,0.87128584753576,0.107073509015257,0,1,0,0,0,0,0,0,0,0,0
"40","Insect",0.00913140311804009,0.142863985221792,1.01200818050363,0.138662103303504,0.978928288309985,0.0594654788418708,0.201690332077824,0.970430984708268,0.952665374968147,0.875357159212866,1.14131646569307,0.079835756447472,0.12605645754864,0.222857142857143,0.142863985221792,0.182857142857143,1.14142321762042,0.032739420935412,0.109248929875488,0.231805929919137,0.634758866325687,0.968001357159886,0.0241545893719807,0.268920442770432,0.134460221385216,0.262713905596368,0.130258339466928,1.19480751490494,0.280898876404494,0.0338530066815145,0.436823104693141,1.22429781248793,0.331679151728986,0.256314797015568,0.0590200445434298,0.109248929875488,0.0325167037861915,0.1050470479572,0.919474880736416,0.129380053908356,0.077728285077951,0.0336777115719863,1.16625155766241,0.788623799730358,0.0209354120267261,0.431438127090301,0.1050470479572,1.02620499523724,0.737311929856631,0.0779510022271715,0.0909090909090909,0.0909090909090909,0.0909090909090909,0.0909090909090909,0.0909090909090909,0.0909090909090909,0.0909090909090909,0.0909090909090909,0.0909090909090909,0.0909090909090909,0.0909090909090909
"41","Insect",0.00886699507389163,0.163131503423316,0.940344757188722,0.139827002934271,0.895565194477246,0.0448275862068966,0.167792403521125,0.955232593908058,1.05530365712201,0.999681246458294,1.03191831730278,0.153809703227698,0.111861602347416,0.132743362831858,0.0978789020539894,0.209439528023599,1.25313989047721,0.0268472906403941,0.0885571018583713,0.15,0.720555698803097,0.893469164542204,0.0121212121212121,0.172453303618934,0.0652526013693262,0.217350670090464,0.111861602347416,1.10640114697759,0.318681318681319,0.0394088669950739,0.486486486486487,1.12727635674037,0.353800565932382,0.261010405477305,0.0618226600985222,0.19109690401017,0.0253694581280788,0.0932180019561804,0.786226285609323,0.185294117647059,0.0879310344827586,0.0466958770535279,1.06617288107062,0.822755531027318,0.020935960591133,0.61198738170347,0.102539802151798,1.03968170819372,0.767128716223112,0.0834975369458128,0.0909090909090909,0.0909090909090909,0.0909090909090909,0.0909090909090909,0.0909090909090909,0.0909090909090909,0.0909090909090909,0.0909090909090909,0.0909090909090909,0.0909090909090909,0.0909090909090909
"42","Fish",0.0184921763869132,0.150691952049615,0.99918407310705,0.184249403556462,0.946955032025007,0.058321479374111,0.139928241188928,0.961171150314254,1.25091031671991,1.16061662694904,0.887727691675527,0.114601862693194,0.158923025060728,0.23224043715847,0.138661922264141,0.139344262295082,1.29410623913259,0.0366998577524893,0.0734464976376273,0.108614232209738,0.579944219788982,0.913111557573132,0.136904761904762,0.179184127857315,0.0658485840889072,0.363776527510782,0.0981397166709675,1.17467741647485,0.521951219512195,0.031578947368421,0.429824561403509,0.932538241158592,0.467934553312697,0.175385171082955,0.0657183499288762,0.163988300759875,0.0497866287339971,0.0930744409718208,0.714551248008497,0.205992509363296,0.0657183499288762,0.0482098118410059,1.17682435364871,1.04978925343255,0.0150782361308677,0.267942583732057,0.0753459760248073,1.09659576704006,0.710576561761203,0.104125177809388,0,0,1,0,0,0,0,0,0,0,0
"43","Primate",0.016548463356974,0.126538361597546,0.873706004140787,0.116080645763038,1.03113573407202,0.0732860520094563,0.148499564850013,1.02710582357702,1.14567241785762,0.594785059901339,0.929080032334225,0.132812991098251,0.176735397603184,0.105263157894737,0.194513514521848,0.0789473684210526,1.28214195503915,0.033096926713948,0.112943331012686,0.0666666666666667,0.543085500138799,0.661281917665451,0.1,0.134904534265152,0.122355275263743,0.309449298922983,0.133858762681702,1.12788141748538,0.516129032258065,0.033096926713948,0.535714285714286,1.03149766307661,0.516155573519014,0.139087620598956,0.0401891252955083,0.154774194350717,0.0472813238770686,0.123401046847194,0.682709807886754,0.133333333333333,0.0709219858156028,0.0670541332527209,1.18228666259062,0.971628045157457,0.0118203309692671,0.227272727272727,0.0993483004278254,1.06744151909368,0.923666210670315,0.0898345153664303,0,0,0,0,0,0,0,0.517705940702354,0.243836205433417,0,0.238457853864229
"44","Primate",0.0174512987012987,0.10663478933641,0.853491040372329,0.098510233958398,0.982702415261959,0.0775162337662338,0.175693510049514,1.12743432272942,0.869732503767327,0.846564776303338,0.986667862232891,0.137101872003956,0.214285148095072,0.174672489082969,0.17975578773852,0.0436681222707424,0.928137694460326,0.0405844155844156,0.127961747203692,0.125,0.49244169004648,0.803760868660814,0.0748299319727891,0.100541372802901,0.139133010848459,0.647890615870048,0.0914012480026373,1.23386161577116,0.141361256544503,0.0227272727272727,0.31219512195122,1.07579976681678,0.717393944637764,0.158428829871238,0.0470779220779221,0.158428829871238,0.0604707792207792,0.113743775292171,0.727667742481565,0.157608695652174,0.0300324675324675,0.0691874415718307,1.24530036280189,0.516332404109235,0.0150162337662338,0.194174757281553,0.0944479562693919,0.917127668260855,0.761475642058199,0.0929383116883117,0,0.525196786794725,0,0.243846741269422,0,0,0,0,0.230956471935853,0,0
"45","Primate",0.0170480035890534,0.13271429418723,0.873583517292127,0.120446586321183,1.11108255790512,0.0668461193360251,0.169517417785369,1.00979923994754,0.856379852512274,0.840074818643961,0.980097761281292,0.173978402463932,0.168402171615729,0.101604278074866,0.165056433106807,0.149732620320856,0.921214369834434,0.0363391655450875,0.0858739550623252,0.121212121212121,0.615062945564484,0.830246417668454,0.0677966101694915,0.150558232901479,0.128253309508668,0.424319979694573,0.11487035547298,1.22638077051577,0.241610738255034,0.0233288470165994,0.437908496732026,1.02283447736902,0.464727205957087,0.186246110329978,0.0565275908479139,0.196283325856743,0.0556303275011216,0.0903349397408875,0.843589233436603,0.136363636363636,0.0623598026020637,0.0368717221708391,1.25154164327898,0.633700572209411,0.012561686855092,0.380530973451327,0.101487401437293,0.913595110554227,0.636909871244635,0.0838941229250785,0.249994518946176,0.750005481053824,0,0,0,0,0,0,0,0,0
"46","Primate",0.0137152077450585,0.107451770940509,0.946810500195899,0.0881915478473991,0.899393342629245,0.0734167002823719,0.14597221712673,0.96338415459481,0.834117501940704,1.04766580843462,1.09178055902276,0.0598080611838684,0.150027000935805,0.190677966101695,0.180437879503874,0.0805084745762712,0.91463252224245,0.0334812424364663,0.207807670215136,0.0804597701149425,0.644594844820635,1.15260558060845,0.0280898876404494,0.0537258854702546,0.115561338558661,0.679513676646298,0.0922463316564749,0.921273721545588,0.0384615384615385,0.0141185962081484,0.0909090909090909,1.18083320731892,0.836662024911491,0.128739385938157,0.0435659540137152,0.0638628449929442,0.0790641387656313,0.166246136172109,0.798768390653715,0.0862068965517241,0.0189592577652279,0.119839078857949,1.1938359598008,0.528539798846295,0.0221863654699476,0.17,0.0821093721337854,1.126867779138,0.602583194747852,0.0951996772892295,0.517585983127839,0,0,0.220543734417159,0,0,0,0.261870282455002,0,0,0
"47","Primate",0.0137318255250404,0.103876002967076,0.829272382079542,0.0903721225813559,0.925662988308376,0.0779483037156704,0.166201604747321,0.984082046914518,0.807592941840545,0.94906098760806,1.11527254372874,0.0664806418989285,0.155814004450614,0.210743801652893,0.156852764480284,0.0785123966942149,0.846043780032034,0.0367528271405493,0.209829525993493,0.127167630057803,0.624278977423828,1.05593213214361,0.0730337078651685,0.064403121839587,0.141271364035223,0.736578894472362,0.117379883352796,1.08077870722433,0.0414507772020725,0.0121163166397415,0.113636363636364,1.15214874371859,0.796623245520532,0.145426404153906,0.0444264943457189,0.0893333625516852,0.0759289176090469,0.152697724361601,0.93374071590034,0.0635838150289017,0.0193861066235864,0.0947033550394008,1.20372369431113,0.510518958722462,0.0234248788368336,0.21875,0.0903721225813559,1.03183417528069,0.599207940891893,0.0977382875605816,0.512531272260516,0,0,0,0,0,0,0.2638363621973,0,0,0.223632365542184
"48","Fish",0.0130586186883343,0.142629924459393,1.37269311396437,0.126197905512458,0.982428122892719,0.0626813697040046,0.0946484291343439,0.955673451367377,1.45601590565705,1.23309882747069,0.631640017137494,0.130141590059723,0.149202732038167,0.22911051212938,0.181409489174159,0.132075471698113,1.60527950310559,0.038595473012188,0.0992493944394856,0.133079847908745,0.506942028199833,1.1528917705655,0.139175257731959,0.179437646900527,0.08807562155557,0.395269827397859,0.0828173754925509,0.910310937736707,0.412037037037037,0.0246662797446315,0.334862385321101,0.708010789734626,0.538922216456761,0.131456151575478,0.0687753917585607,0.192583262058075,0.0458502611723738,0.187982296752933,0.386714358712315,0.155893536121673,0.0647127103888566,0.0823132356825238,1.22369955726629,0.794076389012199,0.0147997678467789,0.122065727699531,0.0690144795771257,0.968592158071306,0.814416961130742,0.107661056297156,0,0,1,0,0,0,0,0,0,0,0
"49","Neoaves",0.0265544041450777,0.134941575286335,1.34822536328357,0.116632919342963,0.971462826078137,0.0900259067357513,0.126126296498785,1.05316312035593,1.04557568904885,0.965112554336402,0.955478737819023,0.124092001393966,0.238012527263837,0.261421319796954,0.153250231229707,0.147208121827411,1.23590521903538,0.0250431778929188,0.141044460600792,0.23021582733813,0.520396488996438,0.782231212353594,0.116363636363636,0.17630557575099,0.103070951977502,0.492546164962801,0.142400657337338,0.930159266631698,0.441247002398082,0.0306563039723661,0.251322751322751,1.03798319327731,0.599516070788407,0.149181641020069,0.059153713298791,0.151894034493161,0.0408031088082902,0.103070951977502,0.708686706960733,0.18705035971223,0.0563471502590674,0.0631806937601242,1.22211002371943,0.633697093891665,0.0187823834196891,0.251121076233184,0.06916603356385,0.926934776419196,0.6716883193117,0.0850604490500864,0,0,0,0.241860312099047,0,0.758139687900953,0,0,0,0,0
"50","Rodent",0.00990865459049388,0.146971983681209,0.955854754336731,0.0977565946503457,0.795450244429549,0.0577488775352222,0.109891896055216,0.998902893244064,0.938482588056938,1.02940087153126,1.06184250844203,0.137533415921866,0.130117398396667,0.348605577689243,0.173939320136477,0.125498007968127,1.00572836839431,0.0323579501470816,0.129443214985285,0.215596330275229,0.685509275986548,0.954739505439077,0.0681198910081744,0.190119722009638,0.0788794591316582,0.536450019554009,0.135510865687721,0.974632598830412,0.292225201072386,0.0204366000928936,0.280834914611006,1.12485353199275,0.754891070113947,0.142252699801538,0.0628580275584456,0.16315238555437,0.0648707230221397,0.0896663937137653,0.821981971962419,0.107798165137615,0.0665737730298808,0.0688948845273267,1.16433758684492,0.758574161202584,0.0270939773958817,0.310897435897436,0.0943856775934372,0.977279233610423,0.886753202937395,0.0777210094441864,0,0,0,0,0,1,0,0,0,0,0
"51","Galloanserae",0.0137909418586428,0.0906319247285585,0.797914242176132,0.115864676499578,0.883743210006796,0.061510734994515,0.215508298289214,1.07179455841333,0.758100442585869,0.557174833288851,1.20078935905625,0.106852979438499,0.144187152977252,0.0788530465949821,0.0741533929597297,0.102150537634409,0.697280055522635,0.0355743613853628,0.0581898153086768,0.0735468564650059,0.608158791981552,0.832496472778045,0.0547619047619048,0.160408207687193,0.127193667090647,0.456613512802797,0.0885721082574549,1.42829997067156,0.208917197452229,0.0173170349475004,0.380787037037037,1.31388300007472,0.475390193734514,0.14444463003614,0.0470145745181006,0.139810042976157,0.0375333019902837,0.0543276594253575,1.01305538436785,0.29655990510083,0.0642532518414042,0.0309548374785055,1.08900547888198,0.455367040181071,0.0328318445384736,0.378698224852071,0.128738529443975,0.829883129695073,0.574125530533143,0.0874471086036671,0.499091696170436,0.249976809263926,0,0,0,0,0,0.250931494565638,0,0,0
"52","Artiodactyl",0.015793431937829,0.0996804381392065,1.41248817245881,0.123721014396309,1.09888757119834,0.0752068187515668,0.121961947840912,0.987625047787555,0.841713016982713,0.939358607450329,0.874407560188698,0.147761590653412,0.174147588984378,0.236641221374046,0.142484390987219,0.213740458015267,0.991732459099677,0.0325896214590123,0.110821192990059,0.207729468599034,0.950513002303457,0.917164385808752,0.028436018957346,0.20405172042614,0.126066436470173,0.255014226820025,0.107889415397729,1.03989092724296,0.246666666666667,0.024818250188017,0.394849785407725,0.922908630396281,0.393483402084914,0.158315989985799,0.0679368262722487,0.179424788650572,0.0441213336675859,0.0574628408096602,0.686846440713908,0.236714975845411,0.0744547505640511,0.0340720098751562,1.16782445893392,0.744476747098694,0.0190523940837303,0.538461538461538,0.125480080951707,0.922859448250303,0.794463255831192,0.0985209325645525,1,0,0,0,0,0,0,0,0,0,0
"53","Primate",0.0265330188679245,0.161233719778004,1.2720639283086,0.114124279019822,1.06206769143832,0.0807783018867925,0.110806712769246,0.992627455402069,1.06426037574844,0.923008705806944,0.859597574969476,0.16322425952835,0.203035054535264,0.219745222929936,0.152608047526506,0.17515923566879,1.24075552008513,0.0300707547169811,0.092891855016134,0.177083333333333,0.59375791433892,0.718636622636623,0.0717948717948718,0.209006673786302,0.0756405105131377,0.319465046737774,0.120095898270859,1.1834202340869,0.572992700729927,0.0389150943396226,0.40625,0.972656972656972,0.403174083835241,0.152608047526506,0.0710495283018868,0.208343160536186,0.0430424528301887,0.0836026695145206,0.602817893906575,0.145833333333333,0.0639740566037736,0.0319079997431391,1.29353016447676,0.794275635028886,0.0168042452830189,0.386363636363636,0.0656878117614091,0.982674676708196,0.79257861777662,0.0925707547169811,0,0,0,0,0,0.235873227509414,0,0.764126772490586,0,0,0
"54","Primate",0.0280153347095252,0.138179257144931,1.2429945331259,0.107323694869849,1.08458529063395,0.0834562076083751,0.124093022193263,1.0187635784007,0.959296178235332,0.884818568280598,0.899639920857132,0.167693273234139,0.225379759226683,0.209375,0.152936265189535,0.134375,1.1000636945195,0.0330286051312297,0.102628283219293,0.162921348314607,0.588306731436502,0.724321637783213,0.0578034682080925,0.194524196951602,0.092566686825245,0.305403282546957,0.122080702914454,1.24681600093547,0.501766784452297,0.0359775877322324,0.317796610169492,0.974514110672562,0.388733299135798,0.140862349516677,0.0672368033028605,0.212635070460889,0.0445296372751401,0.0798219980594504,0.716658132225892,0.106741573033708,0.0648776172220584,0.0282249815120211,1.35749113979768,0.797140411474486,0.0171040990858154,0.448979591836735,0.0757973595018311,0.941383307731583,0.752567562830804,0.0943674432320849,0,0,0,0.233435623367855,0,0,0,0.766564376632145,0,0,0
"55","Primate",0.0282935455349248,0.136806365777219,1.21231555825815,0.124001829078859,1.04604870423995,0.0825228411435308,0.109175523428126,1.00880677677085,1.04187881724931,0.889434201194288,0.852353023652993,0.159719747237443,0.216329277903879,0.219435736677116,0.159045824253319,0.238244514106583,1.1538663339785,0.0324196875921014,0.0889578339043989,0.133004926108374,0.669202936906418,0.709101387352546,0.0842105263157895,0.188698435554786,0.095023140761517,0.386558424014765,0.124001829078859,1.15541131051424,0.582142857142857,0.0371352785145889,0.338912133891213,0.941545875635964,0.441824461504791,0.146915210539083,0.0645446507515473,0.198133357332525,0.0409666961391099,0.0815446810790323,0.644248242256295,0.123152709359606,0.0613026819923372,0.0330837774537421,1.24113141628594,0.880800125554652,0.0173887415266726,0.456852791878173,0.0593052226029326,0.97646230136954,0.823377302035484,0.094017094017094,0,0,0,0,0,0.23471312680663,0,0.76528687319337,0,0,0
"56","Carnivore",0.0149606299212598,0.130173060320493,0.987839578278971,0.152684191052609,1.12579958673219,0.0673228346456693,0.207493900661238,1.17561563988753,0.994888504354789,0.638577976884619,0.980345127632495,0.141917998093771,0.187919004372442,0.146788990825688,0.14485423253709,0.119266055045872,1.02736398152693,0.0311023622047244,0.0968957366295402,0.089622641509434,0.467965186173279,0.763072116323434,0.11304347826087,0.136045529207132,0.110598164031697,0.433245104519163,0.0841720540418228,1.16949838786927,0.304093567251462,0.021259842519685,0.35,1.05990320212724,0.534030108999807,0.184004025114682,0.0460629921259843,0.155620425495928,0.0535433070866142,0.114513143289457,0.777262102178916,0.113207547169811,0.0566929133858268,0.0598147169072327,1.20405793711785,0.73405370832862,0.0204724409448819,0.190184049079755,0.083193309227383,1.00255478873128,0.665826078026404,0.0858267716535433,0.250679597960031,0.749320402039969,0,0,0,0,0,0,0,0,0
"57","Primate",0.0111016225448335,0.140339203175245,0.907368311237642,0.161414032321015,1.09766055363322,0.0689581554227156,0.12549102809527,0.935845964575172,1.20128426767822,1.03653189577718,0.873865276338961,0.131717682161066,0.117827453860445,0.228282828282828,0.172430420283577,0.153535353535354,1.30085070641413,0.033731853116994,0.0986685182733804,0.206030150753769,0.681225604747194,1.0230405699527,0.0989010989010989,0.169077606555841,0.109684906235942,0.378486316254742,0.118785400639798,1.0580936320228,0.272445820433437,0.0245516652433817,0.406360424028269,0.956891045710708,0.504899937440289,0.158061218593279,0.0557216054654142,0.163808899269398,0.0476088812980359,0.125012054705594,0.623791935980302,0.133165829145729,0.0520922288642186,0.0590235381958084,1.08234885756855,0.867584943059633,0.0196413321947054,0.29940119760479,0.0886100770901717,1.10334085457047,0.71368634668932,0.105678906917165,0.513232239603759,0.486767760396241,0,0,0,0,0,0,0,0,0
"58","Primate",0.0248349575605156,0.0750686088951969,1.27273065839886,0.0429880068032324,0.74815181506451,0.0817353033637221,0.0609531439747325,0.925674076478143,0.854761373876159,0.971372276309689,1.14070497827996,0.0513289633471432,0.122547899991304,0.304182509505703,0.157194950250626,0.0190114068441065,1.06778728738404,0.0295504558314995,0.220072930350876,0.4,0.732412253137282,1.0378204189528,0.0479452054794521,0.0417047827195538,0.0776350570625541,0.711702964138717,0.0956001942340542,0.797893608820731,0.0615384615384615,0.0147752279157498,0.0702947845804989,1.24450077949394,1.06233593397065,0.0551786355981789,0.050298648223829,0.0564618596818575,0.0946243319710783,0.129605632451537,0.778902765066623,0.0615384615384615,0.0141464948129519,0.111205777768252,1.17358297247954,0.545283018867924,0.0339515875510846,0.0810810810810811,0.068652488476804,1.06429368413987,1.01590667214831,0.0826784030179189,0.0909090909090909,0.0909090909090909,0.0909090909090909,0.0909090909090909,0.0909090909090909,0.0909090909090909,0.0909090909090909,0.0909090909090909,0.0909090909090909,0.0909090909090909,0.0909090909090909
"59","Neoaves",0.010341102021917,0.142703445962259,1.04020792535928,0.109009576776725,0.712266849963164,0.0563358542985029,0.107688248573371,0.996473164041011,0.926034325900102,0.961486805021933,1.04044174521952,0.14468543826729,0.110991569081757,0.297570850202429,0.167808681825989,0.143724696356275,1.07517339226285,0.0348819262231826,0.110330904980079,0.217687074829932,0.693938933232913,0.945252131600756,0.0672268907563025,0.184985948469594,0.0839043409129946,0.690375287748766,0.142042781860581,0.961203762844689,0.438356164383562,0.0225343417194011,0.297297297297297,1.12535836600939,0.891918297284593,0.122883522911945,0.0577249575551783,0.166487353622635,0.0671399907393116,0.0766370357945462,0.761493061456393,0.142857142857143,0.0659052322889335,0.094651061589022,1.33001191615422,0.797223741347988,0.0271646859083192,0.246794871794872,0.120240866505236,0.947861022442795,0.986998724068729,0.0762463343108504,0,0,0,0,0,1,0,0,0,0,0
"60","Artiodactyl",0.0204081632653061,0.1465952637177,0.998944273129067,0.173547756150103,1.10780205766763,0.0615384615384615,0.159085443137594,0.985428076168826,1.25838101217246,1.20112675456913,0.767087888747529,0.10123619108756,0.14791001944611,0.149837133550489,0.124244416334733,0.127035830618893,1.2215922910735,0.0351648351648352,0.0663951642846984,0.0905797101449275,0.591898774835957,0.93177995775834,0.141104294478528,0.174205134014308,0.080200099433002,0.409453307063865,0.0690246757415181,1.13616990871105,0.428571428571429,0.0288854003139717,0.370860927152318,0.81890661412773,0.472602135791821,0.174862511878513,0.0574568288854003,0.151196908767135,0.0486656200941915,0.108467347593814,0.624618510453606,0.195652173913043,0.0656200941915228,0.0487366347862727,1.12598612125639,0.859956581507328,0.0166405023547881,0.261467889908257,0.0887460116676662,1.07662909436072,0.638786707009328,0.0963893249607535,0.257226980728051,0,0.245691321674994,0,0,0,0,0,0,0.246743397573162,0.250338300023793
"61","Insect",0.0219195573526282,0.161010318862474,1.07917470820697,0.132851563545719,0.980875213319369,0.0800170248989147,0.163176376963763,1.09338320901122,1.10123396184859,1.05146796488204,0.890653598599306,0.131407524811526,0.225992061901141,0.211267605633803,0.144403873419259,0.122065727699531,1.19555964222245,0.02851670568206,0.1364616603812,0.167979002624672,0.525269936076487,0.852371089834549,0.205787781350482,0.127075408608948,0.125631369874756,0.70252704320877,0.106858866330252,0.979949543102052,0.329787234042553,0.0274526494998936,0.194174757281553,0.938351848792935,0.803787383427275,0.158122241394089,0.0521387529261545,0.135739641014104,0.0436263034688232,0.131407524811526,0.712801341000511,0.128608923884514,0.0440519259416897,0.104887948654946,1.24944356834143,0.795236192219601,0.0219195573526282,0.191235059760956,0.0743679948109185,1.00351996187942,0.85262132954801,0.0906575867205788,0,0,0,0,0.762375978330814,0,0,0.237624021669186,0,0,0
"62","Pterobat",0.0122950819672131,0.129684866117715,0.762491591072757,0.138002845868705,1.13344471863661,0.0495901639344262,0.158797795246181,1.05264573071934,1.13344645116119,0.922777220765691,0.89949356126549,0.139137115834749,0.0914977772608949,0.0890538033395176,0.102840476921336,0.13543599257885,1.0046511627907,0.0491803278688525,0.050285968494624,0.118203309692671,0.604437967260167,0.899679125776673,0.147321428571429,0.165981505031127,0.0604943981890214,0.506971904266389,0.0805331675891347,1.29491961414791,0.37603305785124,0.0182377049180328,0.367041198501873,0.954006243496358,0.533033221490661,0.164091055087721,0.0530737704918033,0.17770229468025,0.0559426229508197,0.0990595770345225,0.758638816323464,0.217494089834515,0.0551229508196721,0.0446977773439583,1.21912153952034,0.778543806624924,0.0165983606557377,0.303514376996805,0.0888511473401252,0.990400859011433,0.588677597774806,0.110450819672131,0,0,0,0,0,0,0,0,0.502787729426709,0,0.497212270573291
"63","Fish",0.0125474175663846,0.133200280000728,1.54149173544767,0.123309170099684,0.959780917993756,0.0609862853807995,0.0797882865350897,0.961205033769726,1.47500357237524,1.20588734108602,0.705689646121316,0.155620129109762,0.117374504159058,0.264705882352941,0.176061756238586,0.149732620320856,1.64746399932424,0.0338488473883863,0.108802208911486,0.1699604743083,0.597033482679466,1.08043014682745,0.182648401826484,0.160895387723652,0.068578361980573,0.439710236492552,0.0962734697034967,0.840723090548407,0.392344497607655,0.0233440326816458,0.357758620689655,0.794525922375156,0.678100956252375,0.116055689505585,0.0726583017216224,0.17540234891185,0.0443536620951269,0.189249902773312,0.425693766348225,0.102766798418972,0.0621534870148818,0.0938103713704678,1.2584491725745,0.908872595567594,0.014298220017508,0.175438596491228,0.0731942132677269,0.991289099740748,0.798187284066945,0.109133352786694,0,0,1,0,0,0,0,0,0,0,0
"64","Rodent",0.0298682284040996,0.116519299330398,1.50634039586661,0.106162028278807,0.855347470909804,0.0939970717423133,0.135939182552131,1.02524602671999,0.986955196634583,1.10754257907543,0.896999907105656,0.10810401660098,0.276409671189332,0.365269461077844,0.1139299815675,0.0508982035928144,1.12276103502998,0.0269399707174231,0.170247642910526,0.251282051282051,0.42770338411433,0.946048667851568,0.110655737704918,0.143059806400099,0.145001794722273,0.509954788852773,0.111987993245327,1.09269263263196,0.35202492211838,0.0330893118594436,0.296428571428571,0.928698152057083,0.537647093781356,0.172189631232699,0.0667642752562225,0.149533100807344,0.0383601756954612,0.0919207805828693,0.734221828476783,0.2,0.0462664714494876,0.0557740976954419,1.19224268184732,0.622803283672849,0.0190336749633968,0.277310924369748,0.0595543085466477,0.885311283067606,0.676008430372124,0.0978038067349927,0.287792401730422,0,0,0,0,0.216846400466336,0,0,0,0.495361197803241,0
"65","Primate",0.0260960334029228,0.107206102864019,1.48608182794429,0.0901152748712048,0.913219438016529,0.0897703549060543,0.14604889375678,1.07150909598143,0.939520841781098,1.12331806747081,0.903419791339943,0.0629253212462723,0.264130978070773,0.293729372937294,0.125850642492545,0.0792079207920792,1.09505407789073,0.0212247738343772,0.204313080095921,0.164179104477612,0.638680272056146,0.933889450782077,0.0747126436781609,0.101768112139033,0.209751070820908,0.595458773784355,0.0963301214140465,0.889865820271368,0.151162790697674,0.0208768267223382,0.12589928057554,0.953949260042283,0.677902444323844,0.137503479760373,0.0448851774530271,0.0738013026962453,0.0671537926235212,0.12818120994611,0.716909189725655,0.0995024875621891,0.0288796102992345,0.0918398513960988,1.04339524543727,0.681753303559096,0.0327070285316632,0.156862745098039,0.0784624376033766,0.993617887578823,0.845711172459779,0.105427974947808,0,0,0,0,0,0,0,0.476452352949718,0,0.523547647050282,0
"66","Primate",0.00813008130081301,0.146711175476361,0.71705459627052,0.121101828277825,1.08725113423146,0.038013623379477,0.091585970489681,0.952364209727122,1.00153370047415,0.631358495931289,1.07811604257161,0.17752920346104,0.0703171906129304,0.0766129032258065,0.10721201284811,0.183467741935484,0.97582181592451,0.030103274005713,0.0264774606628935,0.160621761658031,0.795925091835416,0.845452288971061,0.0645161290322581,0.16841401208529,0.0468781270752869,0.222475011068181,0.0881135166322523,1.12612940400734,0.404624277456647,0.023950780048341,0.476190476190476,1.19043646273325,0.260414503036621,0.128914849457039,0.051417270929466,0.217028366089291,0.035816304108987,0.0555592617188586,0.855238826038416,0.27979274611399,0.0788837618105911,0.0139157051211426,1.07363040629096,0.817494329160571,0.017358822236871,0.533653846153846,0.10721201284811,1.02118714203203,0.681575434259862,0.108987035816304,0.361394813014899,0,0,0.317477758308567,0,0,0,0,0,0.321127428676535,0
"67","Primate",0.0113025755049101,0.126389511771632,0.773131116462571,0.178230633549149,1.19782996209423,0.05076894571058,0.107109755738671,0.908389047816259,1.28747939368257,0.875197505263796,0.785471167324862,0.151667414125958,0.10239692648617,0.104536489151874,0.0869731216598011,0.179487179487179,1.27351172032433,0.0455808782657032,0.029990731606828,0.107822410147992,0.713903221297481,0.809710512437056,0.0898876404494382,0.170947170158919,0.054411755915245,0.294406149268535,0.0659796095350215,1.37796758458833,0.536496350364963,0.0227904391328516,0.554545454545455,0.936746838581701,0.353065322686428,0.143955511712774,0.0598480637391143,0.198367267628019,0.0366870483602001,0.0638374144202481,0.501003852140915,0.181818181818182,0.0687418936446174,0.0227495930531143,1.08651966925862,1.00418297423892,0.0133407448582546,0.451097804391218,0.0874015606827557,1.14133712524105,0.461755655370094,0.093941078376876,0.532487466958345,0.229353750797557,0.238158782244098,0,0,0,0,0,0,0,0
"68","Artiodactyl",0.0301610541727672,0.113379980093781,1.52310319676354,0.110064775997471,0.857904495082892,0.0945827232796486,0.130619041394589,0.98139124432699,1.03670620358731,1.17312616975134,0.903036315721047,0.0981300412507576,0.279803225728511,0.377708978328173,0.123325592382709,0.0619195046439628,1.15293743837101,0.0269399707174231,0.173716694646611,0.247422680412371,0.459088081398462,0.981295204533018,0.0905511811023622,0.135923367948684,0.143216816960565,0.486305914388787,0.113379980093781,1.0924461014111,0.371517027863777,0.032796486090776,0.288808664259928,0.942468900199756,0.55334421126527,0.167749327273254,0.065592972181552,0.151173306791708,0.0386530014641289,0.105423490262638,0.720709309689677,0.195876288659794,0.0436310395314788,0.0591206248061971,1.15585387061253,0.62357025211137,0.0193265007320644,0.305785123966942,0.0517171839024263,0.891314596134533,0.667888659706126,0.0945827232796486,0,0,0,0,0,0.217863014420748,0,0,0,0.782136985579251,0
"69","Primate",0.0276280323450135,0.101745652737715,1.32096748760959,0.0817048423499831,0.88656034934415,0.0953504043126685,0.157243281503741,1.04471295128743,0.886771175084376,1.10309470966573,0.929612025575168,0.0632056327613077,0.272863341432962,0.268041237113402,0.137973271515537,0.0790378006872852,0.964530141026823,0.0188679245283019,0.199637303477789,0.135593220338983,0.617656993951872,0.97758142258388,0.0571428571428571,0.0932668483429052,0.211970109870239,0.539114420591141,0.0963500499410178,1.0115408989505,0.159010600706714,0.0208894878706199,0.128472222222222,0.987343651504082,0.641776598397079,0.136431670716481,0.0502021563342318,0.070142836357061,0.0660377358490566,0.124869664723559,0.743357463347136,0.146892655367232,0.033355795148248,0.0911239801796936,0.970351454293629,0.58080914671634,0.0370619946091644,0.247191011235955,0.0886420459457364,0.887581989521373,0.747573427094011,0.0980458221024259,0,0,0,0,0,0,0,0.507944114862123,0,0.492055885137877,0
"70","Pterobat",0.00979344729344729,0.129744702692398,0.775630715064266,0.181881377700693,1.01368287753831,0.0601851851851852,0.148052237428135,0.913898822192182,1.24170804056343,1.07678835800476,0.781714590668995,0.120590935324529,0.106661289329947,0.143129770992366,0.107855258986625,0.150763358778626,1.26859266469053,0.0384615384615385,0.0525346648938544,0.121276595744681,0.614692536379283,0.989189052671181,0.096989966555184,0.181483387815133,0.0744241085996271,0.333972447054781,0.072832149057389,1.14869726944038,0.363905325443787,0.0274216524216524,0.415094339622641,0.856711929401395,0.466261623106993,0.178299468730657,0.0633903133903134,0.161185903651599,0.0486111111111111,0.0855678253952931,0.587692945162673,0.197872340425532,0.0612535612535613,0.0406706346459512,1.0742248822606,0.750635030567659,0.0178062678062678,0.326436781609195,0.102681390474352,1.07428572915223,0.644379985010992,0.0933048433048433,0,0,0,0,0,0,0,0,0.755482309622437,0.244517690377563,0
"71","Artiodactyl",0.00820581060102018,0.150112629186682,0.737505345015202,0.134171465025264,1.09882425537402,0.0408072743402085,0.107160047973973,0.931362187313964,0.960134145249144,0.713649017034227,0.982242850888954,0.150998249417871,0.0797058208070875,0.0665322580645161,0.110702528898733,0.155241935483871,0.901421408158082,0.0321579064094034,0.0274542271668857,0.131868131868132,0.801094035194992,0.878604533447896,0.0838323353293413,0.170039084388453,0.0677499476860244,0.214204069959385,0.0801486309226825,1.1889435598398,0.326086956521739,0.0232867598137059,0.43979057591623,1.08659882761215,0.202685032723118,0.140813616759188,0.0514526502550455,0.195722071092959,0.0352628077178975,0.0557940745649613,0.779678718832361,0.313186813186813,0.0749611887336438,0.0106472516202264,1.0611621503045,0.830453794577787,0.0181858505211799,0.548628428927681,0.117344680632657,1.03747303653543,0.686715939317832,0.110002217786649,0,0,0,0.232049463306063,0,0,0,0.265445727958928,0.265474171493179,0.23703063724183,0
"72","Primate",0.0249120750293083,0.150118403995535,1.19707422491896,0.122096301916369,0.990386068933083,0.0882180539273154,0.157457525968651,1.06621165899501,1.03553316675146,1.16326850198879,0.897136977458699,0.115424372849901,0.259538040685615,0.32051282051282,0.145448053649008,0.118589743589744,1.16187417798657,0.0272567409144197,0.131437002609424,0.144186046511628,0.428660906550655,0.888499567658486,0.0571428571428571,0.174137348634821,0.114757179943254,0.301175407558144,0.094741392743849,1.07393770397877,0.411960132890365,0.0378077373974209,0.237704918032787,0.971533572768206,0.370838209093939,0.196821907460813,0.0615474794841735,0.156790333062004,0.0398593200468933,0.0994117430903768,0.666815188022324,0.158139534883721,0.0565650644783118,0.0314165159613126,1.18625172225661,0.636039437801552,0.018757327080891,0.25,0.0560442041583332,0.981667254637038,0.70514590260356,0.0914419695193435,0.251809233380778,0,0,0,0,0.248662087406534,0,0,0,0,0.499528679212688
"73","Artiodactyl",0.0161621344279117,0.119933127346915,1.37294437800835,0.128928111897933,1.06874701499431,0.0723447922011288,0.112137474069365,0.942178936699964,0.84253151284741,0.996417942834279,0.892094848801367,0.160110725008131,0.161909721918335,0.224274406332454,0.151115740457113,0.203166226912929,0.982217821325409,0.0305284761416111,0.0965461675142664,0.217616580310881,0.91191694222339,0.913297621630981,0.0158730158730159,0.220077288681589,0.119933127346915,0.201479096108261,0.120532792983649,1.06075156770969,0.280141843971631,0.0238583889173935,0.395161290322581,0.984147892528814,0.353049119699383,0.170904706469354,0.0669574140584915,0.184697016114249,0.0451513596716265,0.0551692385795808,0.629732378866317,0.284974093264249,0.0779887121600821,0.0294383853047605,1.1862476782962,0.721447644805576,0.0192406362237045,0.509433962264151,0.109139145885692,0.919609531720102,0.79826649974981,0.0972293483837866,1,0,0,0,0,0,0,0,0,0,0
"74","Plant",0.00841346153846154,0.121423417581675,0.996244795556917,0.112259386066077,0.950985443166692,0.0430689102564103,0.162661559401866,1.06287879883117,1.14098250771343,0.934977857157778,1.08261180121371,0.14433349637067,0.0481111654568901,0.120967741935484,0.082476283640383,0.165322580645161,1.20492120815781,0.0268429487179487,0.0297831024256939,0.142548596112311,0.632419160410768,0.899988313700982,0.0430107526881721,0.197026677585359,0.0572751969724882,0.182548252194344,0.123714425460575,0.999006649063837,0.432558139534884,0.0278445512820513,0.394088669950739,1.14092657621465,0.239131120750016,0.14433349637067,0.069911858974359,0.153497527886268,0.0300480769230769,0.0962223309137802,0.943276333614498,0.174946004319654,0.0873397435897436,0.0275433379811025,1.09779372195605,0.658535955856711,0.0220352564102564,0.444987775061125,0.0549841890935887,0.943802226335789,0.501235662764574,0.0993589743589744,0,0,0,0,0,0,1,0,0,0,0
"75","Artiodactyl",0.0112196135466445,0.126653474124598,0.758732003432706,0.177928410015872,1.22523076510928,0.0546436733845834,0.103426366413167,0.888857518491785,1.20631069960002,0.818573389027456,0.816782487908508,0.14637460331355,0.0964144093682063,0.0800865800865801,0.0933466781610361,0.166666666666667,1.18324912233062,0.0386453355495533,0.0385657637472825,0.117073170731707,0.785875474982121,0.85947266868484,0.0622222222222222,0.180119646592422,0.0574103983056138,0.306166155411996,0.0736255489720848,1.35194080778072,0.513307984790874,0.0243091626843964,0.519230769230769,0.990154374949434,0.380151423893587,0.142430377475759,0.0583835445667983,0.211673453294744,0.0365676293372117,0.0596016348821639,0.488852808770153,0.197560975609756,0.0642011219613547,0.0272219791063809,1.10917943633195,0.962890277239545,0.0141284022439227,0.504484304932735,0.0981673986294464,1.1402351676367,0.600748881244482,0.0959900270101808,0.240635451505017,0.228809800785226,0.242547622509815,0,0,0,0,0.288007125199942,0,0,0
"76","Plant",0.015601409159537,0.120351981187268,1.14868929635131,0.200586635312113,1.06066002927102,0.0591343734272773,0.125366647070071,0.938114212288091,1.32710747493583,1.21809949508059,0.705204045311609,0.117008870598733,0.135953163933766,0.168900804289544,0.0952786517732537,0.126005361930295,1.45141348622347,0.0286864620030196,0.0568328800050987,0.0664819944598338,0.705340674179201,0.988180955922892,0.115942028985507,0.199472265115935,0.0941642815770753,0.454204824152464,0.0635191011821691,1.12712841505411,0.4,0.0309511826874685,0.4,0.754204306771684,0.527500108164121,0.177742046290456,0.0621540010065425,0.140410644718479,0.0417715148465023,0.0913783560866293,0.574106101435869,0.174515235457064,0.0686965274282838,0.0558223654024722,1.05419975906859,0.933069179448357,0.0161046804227479,0.353535353535354,0.0846921349095588,1.08674793836265,0.748169320246188,0.0938600905888274,0,0,0,0,0,0,1,0,0,0,0
"77","Carnivore",0.0122055674518201,0.127318817738877,0.80890262228917,0.128049136005066,0.92304402381103,0.0626338329764454,0.216174206791822,1.06164574327668,0.78336498147936,0.601783094976164,1.12017587169796,0.129753211959506,0.145089895549466,0.0649509803921569,0.0776571756380531,0.10906862745098,0.797852814911019,0.0300856531049251,0.051365718055264,0.0990566037735849,0.57769311052502,0.793093064524118,0.0666666666666667,0.149228365724535,0.131457287913946,0.365157414837206,0.0776571756380531,1.22780275595584,0.167521367521368,0.0214132762312634,0.315161839863714,1.24898740258604,0.482063263330532,0.171868231976381,0.0443254817987152,0.174789505041135,0.0337259100642398,0.0576951430288984,0.860001097062615,0.289308176100629,0.0616702355460386,0.0341450447718503,1.07508238427287,0.552061162197361,0.0314775160599572,0.275862068965517,0.131944166758071,0.868501228931156,0.533775420122451,0.0873661670235546,0,0.53574583130426,0,0,0,0,0,0,0.46425416869574,0,0
"78","Artiodactyl",0.0226351351351351,0.111886374710064,1.16061294912261,0.122598899948261,0.875253086461834,0.0621621621621622,0.204728260107776,1.0293724135932,0.841622590360743,0.968028712947254,1.00641165873506,0.10355441063591,0.211869943599908,0.146153846153846,0.172590684393183,0.123076923076923,0.95071223199713,0.0378378378378378,0.159497597990942,0.0597826086956522,0.606798103041712,1.0927105415984,0.0379746835443038,0.151165633916788,0.139262828096569,0.41443292598143,0.0952224465617564,1.08675647624041,0.103260869565217,0.0273648648648649,0.220833333333333,1.0232206034576,0.489863250558543,0.172590684393183,0.0608108108108108,0.121408619366239,0.0530405405405405,0.0999835688898442,0.849203064422127,0.119565217391304,0.060472972972973,0.0453149690603796,1.17051634249559,0.439281646666557,0.0111486486486486,0.253968253968254,0.0999835688898442,0.922507645096798,0.622235211596914,0.0878378378378378,0.250972586628065,0.24589477969782,0,0,0,0,0,0.503132633674116,0,0,0
"79","Galloanserae",0.0174452986398581,0.0988531445069026,0.915095029257698,0.149874122316917,0.937643686503647,0.0549970431697221,0.203020974202348,1.08924640376316,0.907225891253636,0.799456706281833,1.05893250510331,0.127552444525036,0.188139855674428,0.153094462540717,0.134993003788996,0.100977198697068,0.946752720075701,0.0408042578356002,0.105230766733154,0.0474137931034483,0.484402906952118,0.873254320850104,0.069620253164557,0.167944051957964,0.140307688977539,0.447303970450974,0.10097901858232,1.43934836267895,0.21505376344086,0.0224719101123595,0.38671875,1.08630964252379,0.419737834014793,0.193454540862971,0.0617977528089888,0.181762233448176,0.0413956238911886,0.0765314667150214,0.97446117928423,0.142241379310345,0.0700768775872265,0.0351423032926604,1.28415630618993,0.529868640472777,0.0183323477232407,0.319767441860465,0.0924755222806508,0.85609299565604,0.715343649697861,0.0907746895328208,0,0,0,0.493055148337966,0,0,0,0.506944851662034,0,0,0
"80","Artiodactyl",0.0182534743829081,0.11530595804544,0.910884153777839,0.173176495479566,1.15959295456287,0.054552997303464,0.142718317882658,1.01409888278395,1.23992068827186,0.880821730169752,0.820281188497842,0.111825023462936,0.117046425336692,0.0831556503198294,0.067443107536012,0.119402985074627,1.20213753056962,0.0302841734080066,0.0295879439512827,0.0964912280701754,0.644422037018948,0.846847073078875,0.0688259109311741,0.196237687088654,0.0696186916500769,0.294311123978932,0.0513437850919317,1.16379667095825,0.509505703422053,0.0267579340385812,0.462686567164179,0.834502427484565,0.347998079968782,0.164039042200494,0.0779921178178801,0.126183878615764,0.0323584318606098,0.0422063318128591,0.757153822074333,0.280701754385965,0.0875337066998548,0.0222323204320327,1.17499278797553,0.816060953258974,0.0178386226923875,0.365853658536585,0.0622217056622562,1.06193852653978,0.56311544507147,0.0972827214270898,0.753486836981795,0,0.246513163018205,0,0,0,0,0,0,0,0
"81","Pterobat",0.0149097018059639,0.139684756671494,0.857995705106133,0.136163292217591,1.12070373965093,0.0569088618227635,0.149075328548569,1.02606586266937,1.06531736736104,0.90031667994005,0.91003772227317,0.164335007848817,0.102122469163193,0.158110882956879,0.134206923076534,0.162217659137577,1.00315531304067,0.0470390592188156,0.0704292890780643,0.136729222520107,0.585381530532089,0.887893631623135,0.189723320158103,0.159248448082068,0.0743420273601789,0.570889967744463,0.0946882664271753,1.29884003285938,0.383763837638376,0.0151196976060479,0.370629370629371,0.979952858018054,0.611689276256101,0.167073924646297,0.0514489710205796,0.197593283246791,0.0543889122217556,0.0966446355682326,0.74062662281461,0.225201072386059,0.0520789584208316,0.0525284203021636,1.32506333948921,0.840947732510811,0.0182696346073079,0.218120805369128,0.0974271832246556,0.963925535061179,0.59906259124368,0.102267954640907,0,0,0,0,0,0,0,0,0.499482468135903,0,0.500517531864097
"82","Artiodactyl",0.0137291280148423,0.152440017578199,1.08475004156972,0.1136535042299,1.14453530643854,0.0653061224489796,0.151538005639867,1.14389809933109,1.11241858293741,0.845823246836844,0.811316695553114,0.202952686124821,0.157852089208194,0.138392857142857,0.172284280221515,0.138392857142857,1.3010467996464,0.0289424860853432,0.0929072296482516,0.0837696335078534,0.476096071103294,0.698403819951577,0.0775193798449612,0.138909838503211,0.111849480353235,0.437690985928575,0.078475038634931,0.997497021952465,0.284090909090909,0.0204081632653061,0.314720812182741,0.952621557609251,0.673950905829836,0.17769635185151,0.0463821892393321,0.21648286519981,0.0586270871985158,0.138909838503211,0.462716750434824,0.0994764397905759,0.061595547309833,0.0741028447407662,1.18919800269602,0.718716405709169,0.0166975881261596,0.113333333333333,0.10643740872324,0.90211670715474,0.72115903503044,0.0831168831168831,0,1,0,0,0,0,0,0,0,0,0
"83","Neoaves",0.00784655623365301,0.141321267331696,1.01784847719245,0.148919184930174,1.02943634187329,0.0599389712292938,0.135749461092812,0.907959547535979,1.10073282678689,1.12469071764125,0.96879009995502,0.127138487814536,0.11194265261758,0.175983436853002,0.128658071334232,0.140786749482402,1.1916234865444,0.041848299912816,0.0932011225413335,0.180722891566265,0.725481698389458,0.98577655215884,0.100436681222707,0.168673770686218,0.0911750111817393,0.465062384841877,0.121060153735754,1.12460894206549,0.283636363636364,0.0259372275501308,0.421364985163205,1.05919494697467,0.549299887421605,0.15753015820845,0.0477332170880558,0.170193354205913,0.0470793374019181,0.141321267331696,0.721651750924885,0.149397590361446,0.0499128160418483,0.0578518050447379,1.08344265352452,0.914690194565395,0.0172188317349608,0.299295774647887,0.11194265261758,1.07357633870734,0.639704436366421,0.105274629468178,0,0,0,0.757392919970668,0,0,0,0,0.242607080029332,0,0
"84","Primate",0.0268595041322314,0.149524288524288,1.18316712866861,0.131256615265664,1.08317049579625,0.0847107438016529,0.131256615265664,1.00830133614121,1.05312334943026,0.9918714728761,0.795814914420948,0.16102615687231,0.228684205978323,0.216300940438871,0.16102615687231,0.141065830721003,1.16027174653362,0.0304014167650531,0.091338366293117,0.125,0.60250012322995,0.762377321680967,0.0761421319796954,0.194178600934256,0.0994573321858385,0.318113385614453,0.1068997175875,1.14492457992678,0.515679442508711,0.038370720188902,0.294930875576037,0.872772622070422,0.377060369475073,0.144111644595807,0.0649350649350649,0.194178600934256,0.04456906729634,0.0872788833467562,0.613083630448013,0.13,0.0608028335301063,0.0250801389062553,1.30092368982742,0.741013844783692,0.0174144037780401,0.378787878787879,0.05344985879375,0.948833092375304,0.85620472245066,0.0941558441558442,0,0,0,0,0,0.24092036584433,0,0.75907963415567,0,0,0
"85","Primate",0.0139146567717996,0.111635984828596,0.740669908114747,0.104007102038487,0.887956659979049,0.0643939393939394,0.266756601560815,1.17360544298296,0.695568762006501,0.593283931591001,1.21296557167526,0.11748479496768,0.158172169848262,0.0673854447439353,0.0717114982270255,0.0655884995507637,0.698372093023256,0.0292207792207792,0.0592509896698473,0.0894039735099338,0.480116079391914,0.758760133619577,0.044392523364486,0.133251152733906,0.12867382305984,0.387546434197711,0.0612853584138764,1.26272289566925,0.100840336134454,0.0213358070500928,0.281001137656428,1.39886844928106,0.47691105959943,0.167581125289396,0.0422077922077922,0.150543287058153,0.032312925170068,0.0506049225077237,0.870753351290055,0.264900662251656,0.0599876314162028,0.0298080998273629,1.10035694970254,0.440617116054849,0.0334724799010513,0.246696035242291,0.115450426223651,0.816351953418931,0.585254752896228,0.086038961038961,0,0,0,0,0,0,0,0.257465501801592,0.495762203936003,0,0.246772294262405
"86","Pterobat",0.0100577081615829,0.12625336994928,0.792981537252848,0.173696406483015,1.02307930587571,0.059686727122836,0.152131389876772,0.948173969311965,1.23428576359662,1.00312992862137,0.821545044340488,0.129782190848483,0.0988069851776971,0.174228675136116,0.0823391543147475,0.17967332123412,1.20518001875637,0.0385820280296785,0.0466588541116903,0.135238095238095,0.616404588007297,0.933625864950723,0.107843137254902,0.174088497694038,0.0670475970848659,0.34169964182867,0.0792024246265667,1.10324479166816,0.422651933701657,0.0248969497114592,0.413333333333333,0.911861253484648,0.447874556430783,0.180361957070399,0.0657873042044518,0.167030855895631,0.0466611706512778,0.0803786982596345,0.603029819489851,0.184761904761905,0.063643858202803,0.0369252720365107,1.09740354578279,0.811525107808834,0.0176422093981863,0.325726141078838,0.10076744123281,1.06104701713269,0.578285728767567,0.0908491343775763,0,0,0,0,0,0,0,0,0.755643624329635,0.244356375670365,0
"87","Artiodactyl",0.0126478988168095,0.0930329587776567,0.628979320158829,0.146321527051255,0.844936925585094,0.0593635250917993,0.236690057415232,1.06301938314898,0.694811042298915,0.631581767185065,1.31691077377953,0.0739378884796174,0.156979240705974,0.0712711241734019,0.0683869959511176,0.0727406318883174,0.597197832527957,0.0355637154902761,0.056397068089558,0.094106463878327,0.587781917755316,0.883079238565929,0.0699588477366255,0.141658777327315,0.125894242546375,0.458020631282317,0.0817091380195171,1.32933260662119,0.155784650630011,0.0221678226574187,0.286928799149841,1.36790018131849,0.479374696643616,0.149652062568355,0.0371957024343805,0.106355100846056,0.0339317285461716,0.0446291759291384,1.29464060495795,0.328897338403042,0.0590915272677819,0.0271388464307505,1.02091254711811,0.526576084582114,0.0347477220182238,0.31741935483871,0.116790778799636,0.939492279312103,0.508262470155134,0.092547259621923,0.336165216423122,0,0,0,0,0,0,0,0.443916231143741,0,0.219918552433136
"88","Neoaves",0.0117334514058003,0.125632433728401,1.21661751223338,0.0918602741239923,0.720065837323625,0.0588886429045827,0.108070910734109,0.994587548746432,0.923025064427252,1.05823809941705,0.992721992775951,0.130360536073019,0.141167627146429,0.346153846153846,0.148597502259399,0.144970414201183,1.11754435782022,0.0343148107150764,0.149272945451488,0.206642066420664,0.742648440435926,0.946410282531921,0.0725806451612903,0.166159025253692,0.10739546754202,0.671698572097331,0.126983320112578,0.924614505403159,0.334586466165414,0.0223599734336949,0.23728813559322,1.06186516864589,0.891715335751471,0.129009649688842,0.0495904361301749,0.171562570790397,0.0637591321673677,0.0797022966664051,0.72857362895942,0.114391143911439,0.0624308169138809,0.0954150064267588,1.20852308619175,0.780439859222312,0.0309940225813593,0.253807106598985,0.127658763304666,0.90269452000359,1.14578396497344,0.0748284259464246,0.261851497534771,0,0,0,0,0.239278092574877,0,0.260596806240341,0,0.238273603650011,0
"89","Rodent",0.0153195985208664,0.150144068113993,0.88050861254925,0.161997547175624,1.06694900967652,0.0554675118858954,0.177802185924465,0.976580077088616,0.992594762399428,0.832176923303853,0.99338817361078,0.110632471241889,0.142241748739572,0.121372031662269,0.110632471241889,0.139841688654354,1.03307102660632,0.0438457474907554,0.0790231937442066,0.074468085106383,0.663176721810256,0.890082820713363,0.0833333333333333,0.225216102170989,0.102730151867469,0.298614119693093,0.0869255131186273,1.61608021260245,0.285714285714286,0.0240359218172213,0.546728971962617,1.04690597257108,0.285833389576687,0.146192908426782,0.0615425250924459,0.154095227801203,0.0390913893291072,0.071120874369786,0.886785641178332,0.212765957446809,0.0670892762810354,0.0316681950869636,1.15370358073587,0.860163622088012,0.0266772319070259,0.34297520661157,0.11853479061631,0.981561992258666,0.620591777007604,0.100105652403592,0,0,0,0,0,0,0,0,0,1,0
"90","Plant",0.00796019900497512,0.15464230947537,1.08191284313873,0.098612487201685,0.969803818253112,0.0407960199004975,0.165848273930107,1.04393737822737,1.18913928858798,1.05186581115263,1.03685379943104,0.129989187674948,0.0851653298560007,0.0956521739130435,0.0941301014197902,0.160869565217391,1.28200706706733,0.0296517412935323,0.0336178933642108,0.164926931106472,0.610506118844358,0.861329397059307,0.0318471337579618,0.161365888148212,0.0605122080555794,0.146984072094184,0.10309487298358,1.09298905608755,0.346341463414634,0.0330348258706468,0.383177570093458,1.17913888946668,0.224361221305456,0.147918730802527,0.0638805970149254,0.15464230947537,0.0298507462686567,0.0717181725103164,0.718736577379656,0.1419624217119,0.0909452736318408,0.0224537032531797,1.072176587347,0.763337256249871,0.0226865671641791,0.426150121065375,0.0963712943107376,0.989310004118046,0.534338833911776,0.0915422885572139,0,0,0,0,0,0,1,0,0,0,0
"91","Plant",0.00740889066880256,0.108153276263763,0.869084209500695,0.0995010141626622,0.975426623466747,0.0406487785342411,0.181697504123122,1.06086516428015,1.15911034548232,0.987009059535476,0.98480175446246,0.131946997041791,0.0605658347077075,0.100656455142232,0.073544227859359,0.135667396061269,1.22538202404824,0.0282338806567881,0.0259567863033032,0.154618473895582,0.581182053156461,0.868804228750169,0.0162162162162162,0.142762324668168,0.0454243760307806,0.14080254699592,0.0843595554857354,1.10146210131514,0.305418719211823,0.0316379655586704,0.362694300518135,1.17793350291708,0.183218931062783,0.127620865991241,0.066079295154185,0.16006684887037,0.0294353223868642,0.0821964899604601,0.606911392723658,0.160642570281124,0.0843011613936724,0.023838070689802,1.07139783779406,0.673887853062971,0.0218261914297157,0.484924623115578,0.0475874415560559,0.955251369338524,0.541141787133218,0.091509811774129,0,0,0,0,0,0,1,0,0,0,0
"92","Rodent",0.0287407407407407,0.132100929125582,1.18661296726984,0.142884678441956,1.00632665558708,0.0838518518518519,0.184671707042906,1.1146029556576,0.998254656440702,0.992217106500997,0.921550791661375,0.117273273815568,0.264875842583438,0.229813664596273,0.120643195476935,0.139751552795031,1.02853472618699,0.0260740740740741,0.101097649841007,0.156862745098039,0.447366436633177,0.779814907359606,0.050561797752809,0.204217252678834,0.119969211144661,0.247466271263768,0.0936838221859997,1.14441804473398,0.452296819787986,0.0382222222222222,0.267281105990783,0.983829322341324,0.287733107440124,0.196129440691553,0.0637037037037037,0.133448897790129,0.0373333333333333,0.0714423392209782,0.753209063511553,0.220588235294118,0.0651851851851852,0.0283601049566954,1.19866648353707,0.68311451075186,0.0195555555555556,0.25,0.0761602295468918,0.935916745149218,0.627187795458552,0.0954074074074074,0,0,0,0,0,0,0,0,0,0.493395490438588,0.506604509561412
"93","Vespbat",0.0301775147928994,0.153917153617513,1.09159699104873,0.162350970254089,1.09090756668846,0.0819526627218935,0.197491872906489,1.11860010341676,1.08003109194843,0.985664509344618,0.887925759445675,0.128615703707785,0.243877864407658,0.191082802547771,0.120181887071209,0.130573248407643,1.06045724886779,0.029585798816568,0.0780128038883285,0.153508771929825,0.48873247121733,0.740586980337889,0.0674846625766871,0.186949602110769,0.0990973454797687,0.298833342943359,0.0822297122066166,1.17425342058299,0.545126353790614,0.0378698224852071,0.242268041237113,0.984201118606931,0.348673286026228,0.201005963171729,0.0568047337278106,0.146186155033985,0.0381656804733728,0.0843381663657606,0.676872241541507,0.228070175438597,0.0650887573964497,0.03098163460119,1.16510017066298,0.675129138918856,0.022189349112426,0.262376237623762,0.0667677150395605,0.964035342794199,0.648958882810023,0.0928994082840237,0.246663577738449,0,0,0,0,0,0,0,0,0.499092310847455,0.254244111414096
"94","Rodent",0.0305456702253855,0.136887972278029,1.18708518359356,0.130369497407647,1.00586888657648,0.0848161328588375,0.181793021385108,1.04599829394476,1.03008878168263,1.15307905234021,0.9125790853392,0.120229647609274,0.2585661698585,0.246200607902736,0.140509347206019,0.112462006079027,1.09845429487871,0.0299525504151839,0.11805682265248,0.219626168224299,0.473937746544237,0.880219894201846,0.112903225806452,0.186862946284294,0.103571322940519,0.313075105122617,0.125299572508461,1.07805458589431,0.437062937062937,0.0302491103202847,0.262222222222222,0.952162303182837,0.410574333290604,0.186138671298696,0.0625741399762752,0.135439422306833,0.0427046263345196,0.105019872911715,0.746976891421336,0.172897196261682,0.0604982206405694,0.0384581242559885,1.19469648209161,0.625695281216149,0.0180901542111507,0.248520710059172,0.0651847487038234,0.918158850679315,0.623197851725906,0.0975682087781732,0,0,0,0,0,0,0,0,0,0.497664589909522,0.502335410090478
"95","Artiodactyl",0.0155388471177945,0.109045651269341,1.31959945645169,0.123623946893584,1.03101866878654,0.0756892230576441,0.0956336192950367,0.903467689885452,0.865141253888335,0.959892086067035,0.854806625396808,0.145782956242434,0.158028724566799,0.225464190981432,0.149281747192252,0.220159151193634,1.02823489025725,0.0295739348370927,0.113710705869099,0.213592233009709,0.95207003870143,0.958814121298486,0.0289855072463768,0.219257566188621,0.123040815068614,0.230303654608586,0.121874551418675,1.05416603671817,0.281456953642384,0.0225563909774436,0.389763779527559,0.949705792200353,0.375165130035266,0.156279329091889,0.0666666666666667,0.201763611439529,0.0443609022556391,0.0588963143219434,0.591431883956672,0.305825242718447,0.0761904761904762,0.030379374681609,1.12086786173014,0.730449725854219,0.0210526315789474,0.543933054393305,0.127705869668372,0.897136496323019,0.806426166210077,0.0944862155388471,1,0,0,0,0,0,0,0,0,0,0
"96","Rodent",0.0295667447306792,0.141238466053768,1.31661170075196,0.111116518317182,0.900326080738354,0.0960187353629976,0.152617868532033,0.990035344520545,0.993753551400434,1.02722645838358,0.910944285093014,0.0917045964424937,0.28046880225843,0.295522388059701,0.153956621764771,0.0895522388059701,1.07388972098712,0.0257611241217799,0.168682907324879,0.232323232323232,0.461163398046091,0.892740386406984,0.0819672131147541,0.150609738682928,0.124504050644554,0.489478366544753,0.109777765084445,1.09304067294809,0.408536585365854,0.0345433255269321,0.256603773584906,0.938521563679286,0.505134214163728,0.16332789439393,0.0629391100702576,0.147932232217453,0.0409836065573771,0.0823333238133338,0.753909709093755,0.202020202020202,0.0480093676814988,0.0563324403454238,1.23893668453097,0.705079872743893,0.0181498829039813,0.225563909774436,0.0515419994603797,0.967368891578354,0.632222033662969,0.0980679156908665,0.254564292215431,0,0,0,0,0.237961960334277,0,0,0,0.507473747450292,0
"97","Galloanserae",0.0160818713450292,0.0945829820880767,1.12996806586895,0.109803232079261,1.341119919042,0.087719298245614,0.176120035612281,1.17547321017082,1.0476653958054,0.800938141307534,0.945820153928975,0.192427446317121,0.185904482035185,0.111111111111111,0.151115339198191,0.142857142857143,1.02790566781111,0.0614035087719298,0.139156571347975,0.087719298245614,0.475482190934369,0.850766140334486,0.09375,0.178294357039593,0.117413357074854,0.415632074347671,0.0869728570924843,1.30019140650782,0.266666666666667,0.0248538011695906,0.384615384615385,1.02685571309425,0.497370943014375,0.175032874898625,0.033625730994152,0.157638303480128,0.0745614035087719,0.125023482070446,0.776977905757301,0.157894736842105,0.043859649122807,0.0675296007494927,1.20998155745418,0.319361410774523,0.0043859649122807,0.222222222222222,0.100018785656357,0.755101619649204,0.556147753349619,0.0921052631578947,0.249857330145755,0,0,0.497983342330531,0,0,0,0.252159327523714,0,0,0
"98","Plant",0.00815109343936382,0.151958049057122,0.994846850089754,0.0994293407410796,0.929563223620407,0.0415506958250497,0.155710099651125,1.02628057767052,1.16163429178292,1.03470109492996,0.993261212912786,0.114437543117092,0.0581567842070466,0.147186147186147,0.0806690877710646,0.145021645021645,1.28004548351153,0.0288270377733598,0.0318924300490255,0.139830508474576,0.612352377486209,0.899948300199635,0.029940119760479,0.157586124948126,0.0562807589100451,0.192594588462193,0.0844211383650676,1.10226063463814,0.354066985645933,0.0337972166998012,0.42713567839196,1.11062879346531,0.286846988211882,0.153834074354123,0.0630218687872763,0.133197796087107,0.0290258449304175,0.0506526830190406,0.720276959518965,0.171610169491525,0.0898608349900596,0.0281928312492485,1.08196772903139,0.704000183052693,0.0230616302186879,0.428223844282238,0.0806690877710646,0.980600614659797,0.638641320487806,0.0918489065606362,0,0,0,0,0,0,1,0,0,0,0
"99","Neoaves",0.0112881806108898,0.147438364277014,1.03053297561366,0.112269580137543,0.845253930055641,0.0590969455511288,0.114298548453281,0.949494055539746,0.988675857105946,1.01276228446947,1.03646785022746,0.136617199926407,0.119709130628585,0.317142857142857,0.172462306837791,0.108571428571429,1.08690091755032,0.0305444887118194,0.123767067260062,0.205479452054795,0.627771536100933,0.868097082302726,0.127340823970037,0.166375401890575,0.0919798969801553,0.690234167484067,0.125119712803888,1.13408027567031,0.247191011235955,0.0177069499778663,0.336206896551724,1.10011615383065,0.850708201271167,0.134588231610668,0.0502434705621957,0.194780958310917,0.0699424524125719,0.0757481504542456,0.816875478152094,0.102739726027397,0.0613103142983621,0.079954840320003,1.25544673743394,0.819166278528179,0.0296591412129261,0.209677419354839,0.13255926329493,0.950835924004635,0.904894036828811,0.0774679061531651,0,0,0,0,0,1,0,0,0,0,0
"100","Primate",0.0239445494643982,0.122225370536907,1.32972582090413,0.0739580267580011,0.999527333670038,0.0860113421550095,0.106655259640486,1.03523964990912,1.00126884431865,1.05050505050505,0.944493965775898,0.0934206653785278,0.194626386205266,0.310344827586207,0.171271219860634,0.0752351097178683,1.16244031529013,0.0283553875236295,0.194626386205266,0.228448275862069,0.739679900821782,1.00303561846652,0.0753768844221105,0.0980916986474541,0.133902953709223,0.546729099474336,0.12456088717137,0.824577770096599,0.135531135531136,0.0189035916824197,0.169491525423729,1.03391344554058,0.743563402356057,0.084857104385496,0.0374921235034657,0.0941991709233488,0.0708884688090737,0.165043175502066,0.674529239900265,0.0689655172413793,0.0302457466918715,0.0818954458704663,1.01009292254114,0.64347110407864,0.0337114051669817,0.255639097744361,0.102762731916381,0.961282595169766,0.959630911188005,0.100504095778198,0,0,0,0,0,0,0,0.246196312587594,0,0.753803687412405,0
"101","Rodent",0.01090458488228,0.0868180387803479,1.08082574572286,0.159166404430638,1.04926740036226,0.0458488228004957,0.14469673130058,0.9508062524723,0.948117582006419,0.938426087948728,1.1660455958127,0.130227058170522,0.188105750690754,0.124324324324324,0.101287711910406,0.159459459459459,1.08498648319289,0.0324659231722429,0.108522548475435,0.142372881355932,0.768410734158376,0.919697003516387,0.0235294117647059,0.130227058170522,0.122992221605493,0.208066710653127,0.0940528753453769,1.22666768983886,0.291891891891892,0.028996282527881,0.472361809045226,1.24474997074941,0.301857314991179,0.14469673130058,0.0629491945477076,0.108522548475435,0.033457249070632,0.0651135290852609,0.964545106577953,0.172881355932203,0.0802973977695167,0.0217449654564644,1.10212894307392,0.904035285260452,0.0277571251548947,0.565982404692082,0.0651135290852609,1.08661626206678,0.681890538242937,0.0916976456009913,1,0,0,0,0,0,0,0,0,0,0
"102","Vespbat",0.0296296296296296,0.139699572838074,1.23656194792227,0.13034170671495,1.05650652254536,0.0820740740740741,0.209215149752714,1.14508224583781,1.0201861985893,1.00587669333237,0.864382837070277,0.131678544732539,0.258678156403516,0.169811320754717,0.117641745547852,0.150943396226415,0.959090639985791,0.0260740740740741,0.0955839182576298,0.103286384976526,0.456624706205959,0.784925173814796,0.0939226519337016,0.179136294356957,0.120983840591825,0.271423465284604,0.0868944711432998,1.22949973290451,0.433212996389892,0.0376296296296296,0.288557213930348,0.961158388831361,0.2746438078376,0.200525702638384,0.0625185185185185,0.143041667882047,0.0397037037037037,0.0835523760993268,0.6640462453749,0.258215962441315,0.0628148148148148,0.020759611817408,1.20212230220379,0.515492117684563,0.0216296296296296,0.248677248677249,0.0708524149322291,0.894468965513153,0.630441218709264,0.0942222222222222,0,0,0,0,0,0,0,0.245366617228974,0,0.504529713049683,0.250103669721343
"103","Artiodactyl",0.0108677753993084,0.11271047212239,1.21897012494927,0.121059395983308,0.908218459006843,0.0523629178330315,0.154455091426979,1.03952848916322,1.04645205809245,0.721209864544481,1.055845977051,0.133582781774684,0.154455091426979,0.151603498542274,0.116884934052849,0.183673469387755,1.12027650422492,0.0345792853614359,0.100187086331013,0.182156133828996,0.609661833480795,1.08612455073844,0.0379746835443038,0.217072020383862,0.0918381624700955,0.166145288002324,0.11271047212239,1.17086103099341,0.330188679245283,0.0210768977441133,0.467181467181467,1.07686760742247,0.239343323813375,0.162804015287897,0.0711345298863823,0.158629553357438,0.031450683352544,0.100187086331013,0.949820200997942,0.236059479553903,0.0780503869586695,0.016728971398548,1.2532723505554,0.575682521047907,0.0296393874526593,0.356741573033708,0.0667913908873422,0.779296747745543,0.717093309192236,0.112958998847357,0,0,0,0,0,0,0,0,1,0,0
"104","Rodent",0.0112392783200237,0.153802093548131,1.0790871242133,0.134306053520903,0.962528012945937,0.0553090801538006,0.210123986960122,0.993365066841842,1.10413255823505,1.08555539482778,0.877256870822383,0.108311333484599,0.151635866878439,0.173366834170854,0.123474920172443,0.128140703517588,1.1416549696761,0.0390417036379769,0.0736517067695274,0.128919860627178,0.565021314609911,1.09722002243511,0.0123456790123457,0.168965680235975,0.114810013493675,0.17841405589302,0.0888152934573713,1.30284690968286,0.262032085561497,0.0286897367642709,0.417177914110429,0.934050057322284,0.233312997559144,0.199292853611662,0.0600414078674948,0.194960400272279,0.0351966873706004,0.121308693502751,0.689785508419628,0.21602787456446,0.0665483584738243,0.0282134368362086,1.16519781966045,0.683679357013433,0.0254362614611062,0.292307692307692,0.0779841601089114,0.939192748458404,0.823994195055833,0.117716651878143,0,0,0,0,0,0,0,0,0,1,0
"105","Carnivore",0.0144390966308775,0.139581732543194,1.106774496015,0.129675932169161,1.09575237928161,0.0647908182154757,0.139581732543194,1.13271093601754,1.18092668631785,0.883814615054174,0.843900159494259,0.204419698627774,0.160293860597991,0.171945701357466,0.167498079051833,0.0904977375565611,1.35786871448287,0.0303591262495372,0.106262222194173,0.0760869565217391,0.46571413552016,0.771614076094014,0.0866141732283465,0.136880150623003,0.110764858727825,0.409202998312517,0.0747437664586136,1.0114987900369,0.302857142857143,0.021843761569789,0.309278350515464,0.960053188348597,0.682257591630931,0.169299133665293,0.0492410218437616,0.199016534787393,0.0570159200296187,0.154890696757609,0.530759301003796,0.108695652173913,0.0599777860051833,0.0830029363314052,1.13569780563362,0.659354432830043,0.0174009626064421,0.128571428571429,0.0999585310470615,0.931773244474038,0.682172754946728,0.0818215475749722,0.264172998246639,0.735827001753361,0,0,0,0,0,0,0,0,0
"106","Carnivore",0.0152394775036284,0.130741390142476,1.00335839834361,0.145861142743987,1.047976042399,0.0689404934687954,0.158312703709937,1.15231229626683,1.04379673161456,0.830855558192697,0.871136991234175,0.19655678381964,0.18410522285369,0.150684931506849,0.163649086981058,0.100456621004566,1.04630036565336,0.035921625544267,0.0853821323379433,0.0603015075376884,0.463202115251661,0.665487431176661,0.137931034482759,0.142303553896572,0.104059473786868,0.459221960983948,0.0800457490668219,1.06077200629347,0.352631578947368,0.0257619738751814,0.280373831775701,1.05110804402993,0.70099304763375,0.165427881404765,0.0486211901306241,0.184994620065544,0.0515239477503628,0.124515609659501,0.458001297642616,0.0954773869346734,0.0540638606676343,0.0748486190807435,1.24494968827225,0.660022262179981,0.0137880986937591,0.162162162162162,0.107617062634283,0.935134881908918,0.659681869058692,0.0794629898403483,0,1,0,0,0,0,0,0,0,0,0
"107","Carnivore",0.0216589861751152,0.113500944261211,1.07925245698134,0.117011282743516,0.879811983102279,0.0705069124423963,0.18136748825245,1.10716905046034,0.902420408333207,1.02035083845325,0.986499118687536,0.112330831433776,0.200089293491413,0.146892655367232,0.156795118876312,0.0790960451977401,1.05319280843149,0.0317972350230415,0.150944554739136,0.117647058823529,0.455258245177349,0.988545013525012,0.0598290598290598,0.169666359978098,0.14743421625683,0.628338626213039,0.1064802672966,1.04728962061903,0.0915032679738562,0.023963133640553,0.260355029585799,1.03428773865405,0.694551885472132,0.188388165217061,0.0608294930875576,0.149774441911701,0.0594470046082949,0.0900986877125075,0.761874201271269,0.125,0.0649769585253456,0.0773713934307946,1.30298412698413,0.45928591665351,0.0124423963133641,0.141176470588235,0.0760573337832855,0.900643211384341,0.724485226953869,0.0815668202764977,0.501546297286153,0.249759464866598,0,0,0,0,0,0.248694237847249,0,0,0
"108","Pterobat",0.0108930940576775,0.136712676156531,0.904529993517294,0.114710093556293,0.893650291283859,0.059772362265205,0.191842742671732,1.03146413689107,0.850048067712396,0.648189394141932,1.14507573339524,0.132757155689072,0.137701556273395,0.0993566833452466,0.0978991315695951,0.107934238741959,0.849581134109022,0.036240485999581,0.0724354685603317,0.0868200836820084,0.568596795109987,0.860954621259424,0.0722433460076046,0.138937656419476,0.102349092095486,0.350215922610715,0.0865270102256522,1.25548148289537,0.212616822429907,0.0245094616297745,0.281553398058252,1.28135873106859,0.435007020999836,0.161929119136578,0.0479016828433769,0.192831622788596,0.0400111724041617,0.0882575504301653,0.844136961430605,0.195606694560669,0.0569792612247748,0.0430964645757585,1.08060505302236,0.525745972795349,0.0316318692828713,0.208791208791209,0.146601477325177,0.849349125472173,0.559137986701404,0.0976887088890441,0.497422196327061,0,0,0,0,0,0,0,0.252360271541431,0,0.250217532131508
"109","Vespbat",0.0251021599532983,0.150798453526879,1.0966175688414,0.128382467191802,1.06696369975634,0.0791009924109749,0.141967913455485,1.09013529399362,0.982734113727391,0.968842788103628,0.88395306494539,0.16574244441693,0.226197680290319,0.27893175074184,0.13449591801046,0.14540059347181,1.07224385329807,0.0309398715703444,0.102570119290805,0.17989417989418,0.615484395124138,0.679457038603859,0.124352331606218,0.163025355164194,0.0964566684721479,0.443715520321847,0.0950981238457796,1.10272586891345,0.490774907749078,0.0359019264448336,0.252212389380531,0.932871786700751,0.507916579656121,0.172535167548772,0.0589608873321658,0.189516975378375,0.0423234092235844,0.0842297668348334,0.713051544785684,0.137566137566138,0.0598365440747227,0.043554459619983,1.20206884907163,0.710759178359263,0.018096906012843,0.340659340659341,0.0794748606425444,0.968794784735453,0.854130018606513,0.0983654407472271,0.251073267922259,0,0,0,0,0.248020751099583,0,0.246742603661516,0,0,0.254163377316642
"110","Rodent",0.0298682284040996,0.117573410032264,1.35895723278078,0.101449056656411,0.854779927478293,0.0925329428989751,0.118245258089591,1.02583917011195,1.0243666817954,1.00645975353644,0.938736362525469,0.112870473630974,0.282848032134761,0.413173652694611,0.121604498376228,0.107784431137725,1.14439673926124,0.0266471449487555,0.165946470159824,0.254901960784314,0.482319086206592,0.923146537539373,0.105691056910569,0.158556141529225,0.1283229789495,0.45248569005724,0.120260802261573,1.09264204853183,0.439873417721519,0.0333821376281113,0.314079422382672,0.974422672076754,0.547245413131439,0.149822116783971,0.0658857979502196,0.150493964841298,0.0377745241581259,0.090027639681848,0.762598119105941,0.196078431372549,0.0480234260614934,0.0625983313769514,1.11464212169227,0.645930298558293,0.0190336749633968,0.286821705426357,0.0550915407008324,0.911745145737594,0.708219338679441,0.0978038067349927,0.266134373141591,0,0,0,0,0.225762961561334,0,0,0,0.508102665297075,0
"111","Rodent",0.0112860112860113,0.163316448490436,1.09219339909877,0.131501555927364,0.916676953671277,0.0561330561330561,0.167558434165512,1.07199097049955,1.15366315219065,1.09144173798552,0.841600501461624,0.0933236848516777,0.114533613227059,0.168292682926829,0.154832477140284,0.121951219512195,1.17941553524202,0.0365310365310365,0.0784767349889108,0.130872483221477,0.505820122528895,1.0875911876702,0.0460526315789474,0.146348505790131,0.0678717708012202,0.157737605124332,0.112412620389521,1.18944291323164,0.285714285714286,0.0267300267300267,0.330827067669173,0.835292318044758,0.260609246191241,0.205736305241199,0.0614790614790615,0.156953469977822,0.0353430353430353,0.137864534439978,0.753360215053763,0.211409395973154,0.0733590733590734,0.046748816994218,1.22480385836144,0.692941840767928,0.0261360261360261,0.270718232044199,0.0466618424258389,0.885535886987487,0.783198068211092,0.121770121770122,0,0,0,0,0,0,0,0,0,1,0
"112","Rodent",0.0116175156389634,0.159058614599699,1.19441224745918,0.0988742739403535,0.938041099600501,0.0515341078343759,0.184851903453704,1.02933051791012,1.08880462439456,1.00285196175404,0.861532901550867,0.139713647959195,0.133265325745694,0.137592137592138,0.154759733124032,0.147420147420147,1.11337012038531,0.0387250521298779,0.075230425824182,0.181818181818182,0.551186569454609,1.09940738236852,0.0568181818181818,0.146161970172696,0.107472036891689,0.165983685851118,0.094575392464686,1.20644136941547,0.260115606936416,0.0256181114089961,0.41726618705036,0.941777000155259,0.221399516599664,0.202047429356375,0.0610664283586536,0.176254140502369,0.0363419719988085,0.124667562794359,0.621646908164777,0.167832167832168,0.0688114387846291,0.027994812979876,1.29114401899243,0.69056059746644,0.0265117664581472,0.28494623655914,0.0601843406593456,0.861535648271108,0.848787893579026,0.121239201668156,0,0,0,0,0,0,0,0,0,1,0
"113","Fish",0.0125620800467426,0.148382821870115,1.29744047001901,0.134283096715036,0.956367725492843,0.0628104002337131,0.0825841044797474,0.949145611181239,1.44401706518946,1.21588763252252,0.675018147307746,0.135625927682187,0.141668667034363,0.312169312169312,0.163825377992344,0.12962962962963,1.54319526627219,0.0338884019865615,0.0906410902826496,0.1440329218107,0.547853674735019,1.06950843466086,0.186915887850467,0.168525286377371,0.0765413651275708,0.446828714763497,0.0980266606019766,0.865009019681753,0.465116279069767,0.0248320186970494,0.352697095435685,0.762237219302437,0.63118580007997,0.124883279944984,0.065439672801636,0.167853870893796,0.0455740578439965,0.18262501153245,0.407337955828273,0.135802469135802,0.0619339760444055,0.0887920383696523,1.21207112766942,0.811307735114079,0.014022787028922,0.141463414634146,0.0731842877096949,1.01950110940665,0.820983694738611,0.110429447852761,0,0,1,0,0,0,0,0,0,0,0
"114","Rodent",0.0150475184794087,0.153345167810559,0.798287945636188,0.163800520161279,1.01114148275252,0.0567581837381204,0.191681459763199,0.986338158789906,1.02625751985743,0.781557613680638,1.05389749307983,0.121979110758399,0.118493993308159,0.112299465240642,0.104553523507199,0.0641711229946524,0.979023441093286,0.0419746568109821,0.0592469966540796,0.109848484848485,0.639370919209505,0.899100439778363,0.0734463276836158,0.202136812113919,0.0592469966540796,0.369780836097671,0.0871279362559995,1.60398786842173,0.246511627906977,0.0242872228088701,0.472103004291845,1.12329650210802,0.353625648892128,0.146374932910079,0.0625659978880676,0.115008875857919,0.0385427666314678,0.0836428188057595,0.922293621722193,0.208333333333333,0.0638859556494192,0.0314245212947195,1.16212860077613,0.722991867433294,0.0253431890179514,0.376569037656904,0.0975832886067194,0.964652338211052,0.65431462758189,0.0987328405491024,0,0,0,0,0,0,0,0,0,1,0
"115","Rodent",0.0154571653130731,0.147965388982251,0.916516644950816,0.143966324415164,1.05128035630379,0.0571129159025413,0.20795135748857,0.989064433898856,0.948112805654729,0.865136881758841,1.01946329315729,0.095977549610109,0.135968195280988,0.11340206185567,0.0999766141771969,0.149484536082474,0.91799419391089,0.0445375949698716,0.0679840976404939,0.100719424460432,0.653437604414618,0.888246073692449,0.0867052023121387,0.18795603465313,0.0999766141771969,0.294941607352636,0.107974743311373,1.61284131271274,0.252293577981651,0.0261985852763951,0.529411764705882,1.143797940709,0.26625982480108,0.191955099220218,0.0597327744301808,0.191955099220218,0.0398218496201205,0.0759822267746696,0.790444707608925,0.212230215827338,0.0699502226879749,0.0240391113435327,1.1980044608761,0.813693148979682,0.026722556981923,0.38,0.0879794204759333,0.971690644647589,0.656099501695826,0.101650510872413,0,0,0,0,0,0,0,0,0,1,0
"116","Rodent",0.0145239376008607,0.166184001087624,0.964916192376146,0.131197895595492,1.10054050024998,0.0562130177514793,0.166184001087624,1.02714636846376,1.00694512122874,0.813539175363218,1.02620312268682,0.135571158782009,0.157437474714591,0.102272727272727,0.131197895595492,0.173295454545455,1.0389506768767,0.0406132329209252,0.10933157966291,0.127147766323024,0.60169522749441,0.920055187609558,0.0559006211180124,0.166184001087624,0.0830920005438118,0.24316556860094,0.104958316476394,1.52641463050324,0.253588516746411,0.0252824098977945,0.552995391705069,1.13245679091295,0.243230988447214,0.209916632952788,0.0583647122108661,0.144317685155042,0.0384615384615385,0.0874652637303283,0.783847145703903,0.199312714776632,0.0658956428187197,0.0350513172640257,1.2019198556146,0.776746877741893,0.0263582571274879,0.313953488372093,0.113704842849427,0.97654265415106,0.623543462121946,0.0946745562130178,0,0,0,0,0,0,0,0,0,1,0
"117","Rodent",0.0145317545748116,0.123702329599185,0.951778073702437,0.16493643946558,1.10021703842002,0.0567814854682454,0.131949151572464,0.994442491840952,1.01802154611607,0.906714010635893,1.04034804156281,0.123702329599185,0.144319384532382,0.11830985915493,0.0783448087461505,0.140845070422535,1.01155260450406,0.0390204520990312,0.0948384526927085,0.110714285714286,0.590266510330841,0.92119601523097,0.0914634146341463,0.189676905385417,0.08246821973279,0.251855050053719,0.103085274665987,1.58720159843078,0.203791469194313,0.0271797631862217,0.543103448275862,1.17182558011105,0.26825117663615,0.181430083412138,0.0618945102260495,0.185553494398777,0.038751345532831,0.065974575786232,0.759162742463273,0.210714285714286,0.0656620021528525,0.0454420642528201,1.20797596543343,0.802783648335398,0.0252960172228202,0.28030303030303,0.098961863679348,1.01790712784115,0.616498522889727,0.0955328310010764,0,0,0,0,0,0,0,0,0,1,0
"118","Primate",0.0124499777678968,0.0921921550929399,0.539981999348673,0.110959006002444,1.02025585127337,0.0626945309026234,0.263674255278535,1.16484239542602,0.732785671514134,0.521040195586211,1.10989943013465,0.102279337456798,0.146850608366871,0.0221187427240978,0.0537201107284561,0.0407450523864959,0.636793084611392,0.0300133392618942,0.0330765747280013,0.0443490701001431,0.491675833912519,0.803713599682259,0.0471380471380471,0.104390608184118,0.140047624912176,0.44450248819124,0.0509050830920304,1.4044720668116,0.0726950354609929,0.0174522009782125,0.26614481409002,1.22574928561827,0.413164874570356,0.152246078003354,0.0332369942196532,0.108847735275125,0.0341262783459315,0.0429291714554911,1.00916620406897,0.317596566523605,0.0548021342819031,0.0223271743961495,1.02865110975836,0.425278479529285,0.0331258337038684,0.241237113402062,0.106267293275068,0.83921280602115,0.47646426115814,0.0954868830591374,0,0,0,0,0,0,0,0.254508829464308,0.246430401098499,0,0.499060769437194
"119","Rodent",0.0124297129328204,0.16518636297004,1.22606523877999,0.135152478793669,0.979159111111111,0.0526783071914768,0.201656079469919,1.03253496089716,1.16435652576433,1.07911520233943,0.830456112927544,0.143733588558347,0.128716646470161,0.130325814536341,0.148024143440686,0.132832080200501,1.21116193353686,0.0343296833382658,0.060067768352742,0.108910891089109,0.528742569676895,1.05501986343886,0.0248447204968944,0.1330072013525,0.0986827622937904,0.166025683975433,0.111554426940807,1.27270196419715,0.286516853932584,0.0284107724178751,0.442748091603054,0.86786152987158,0.213905362420731,0.184493859940565,0.0633323468481799,0.193074969705242,0.0340337377922462,0.154459975764194,0.687171175866956,0.194719471947195,0.0739863865048831,0.0214927609552587,1.22971264943929,0.792249332522668,0.0275229357798165,0.290816326530612,0.0793752653232662,0.91224932746493,0.767141196024202,0.118082272861793,0,0,0,0,0,0,0,0,0,1,0
"120","Plant",0.0149514079242462,0.158008743534954,1.02853867087106,0.171088937536192,1.06654420044684,0.0510839770745078,0.124000239131735,0.88834752233655,1.24978117579103,1.07636428409981,0.774233980822814,0.132894771052577,0.117721746011141,0.16710875331565,0.122953823611636,0.172413793103448,1.33069754857546,0.0326439073012709,0.0533671915250506,0.117994100294985,0.709810403671132,0.908393320551701,0.0923076923076923,0.18364592377738,0.0648777622461399,0.3022592997647,0.0790043717674769,1.22665882698529,0.521951219512195,0.0311487665088463,0.544041450777202,0.849348632338808,0.37703581878611,0.184692339297479,0.0615499626214802,0.188878001377875,0.0416147520558186,0.0941773968089128,0.588676811839221,0.135693215339233,0.0695240468477448,0.0351202599607312,1.07744887417777,1.08223588214485,0.015200598056317,0.366013071895425,0.0905149424885662,1.14906055566562,0.688849876703223,0.0939446797906803,0,0.255727091633466,0,0,0,0,0.744272908366534,0,0,0,0
"121","Plant",0.0178381256656017,0.17038035110731,1.07508912655971,0.175976785997696,1.03203125950058,0.0641640042598509,0.11814695879704,0.85040764118177,1.30170100586824,1.29300595187857,0.788912375285519,0.106954089016268,0.149238263743629,0.26246719160105,0.123743393687426,0.133858267716535,1.3821180909471,0.0274227902023429,0.0827028711579279,0.164133738601824,0.652817672739614,1.01638841996523,0.102941176470588,0.166027568414788,0.0957612192354955,0.441142362149625,0.109441393411995,1.04718087706047,0.356846473029046,0.0279552715654952,0.396551724137931,0.841747318047663,0.51533792256554,0.17038035110731,0.0567092651757189,0.169758525008378,0.0444621938232162,0.140532698358584,0.616770640682364,0.100303951367781,0.0524494142705005,0.0635444844218053,0.939485513496783,0.941792020928712,0.0162406815761448,0.327067669172932,0.0870556538504504,1.1659068075305,0.797747536367902,0.101437699680511,0,0,0,0,0,0,1,0,0,0,0
"122","Artiodactyl",0.0104315811004295,0.140601763627592,0.976811266889622,0.165075108149801,1.04866463293905,0.0638167314379219,0.108930376598851,0.868462059564172,1.19981927309985,1.18090380767853,0.856075041202259,0.128605026116706,0.119007636107996,0.235181644359465,0.166994586151543,0.152963671128107,1.32028862014607,0.0335446921660871,0.0978933780888356,0.174117647058824,0.730018302014421,1.09809375867316,0.0860215053763441,0.160276413145446,0.10269207309319,0.384492675386814,0.131964112619754,1.03611483507015,0.233974358974359,0.0224994886479853,0.375,0.938013531740778,0.493079401445006,0.162675760647624,0.0544078543669462,0.156917326642398,0.0468398445489875,0.129084895617141,0.611046043518387,0.183529411764706,0.0554305583964001,0.0649031326078369,1.03991367150162,0.793856964056184,0.016363264471262,0.29973474801061,0.0969336390879647,1.08528411632583,0.770157459158513,0.106974841480875,0.249760890831664,0.49091021496187,0,0,0,0,0,0.259328894206467,0,0,0
"123","Rodent",0.0112893642305407,0.145302434557207,0.961561190705286,0.138796355397929,0.972331743599456,0.0510992275698158,0.216869305309264,1.06594097567894,1.10802313608579,1.03030626117714,0.808382669801809,0.125784197079373,0.145302434557207,0.141860465116279,0.130121583185559,0.102325581395349,1.1095410907232,0.0359477124183007,0.0628920985396867,0.109929078014184,0.527238231778252,0.993932864377228,0.0384615384615385,0.136627662344837,0.123615504026281,0.190132342315414,0.0802416429644278,1.28118101898007,0.261627906976744,0.0252525252525252,0.538461538461538,0.831828997629936,0.219267194750164,0.206025840043801,0.0644682115270351,0.143133741504114,0.0326797385620915,0.104097266548447,0.68937293616585,0.180851063829787,0.0707070707070707,0.0304182949362768,1.24290090878966,0.70869234334144,0.0243612596553773,0.333333333333333,0.060723405486594,0.891865203087705,0.801031932868769,0.12774806892454,0,0,0,0,0,0,0,0,0,1,0
"124","Artiodactyl",0.010019267822736,0.130140040363935,1.08052196364923,0.15932585823967,1.05419980862013,0.0701348747591522,0.128226216240936,0.898035682178162,1.24263139762993,1.06572009114765,0.808919524340836,0.127747760210186,0.115307903410692,0.208728652751423,0.165067330608667,0.16888045540797,1.34735630358844,0.0314065510597303,0.104303414703448,0.166666666666667,0.740277029382865,1.05938218309465,0.0912052117263844,0.169851890916165,0.0999973104266998,0.392001888255724,0.115786359441442,0.998166445576385,0.274725274725275,0.0210019267822736,0.351535836177474,0.897754324442796,0.542781499016578,0.146886001440176,0.0591522157996147,0.165067330608667,0.0468208092485549,0.122963199902688,0.553370130346858,0.13963963963964,0.0533718689788054,0.069505436936897,1.08998264180923,0.852706628975334,0.0183044315992293,0.312997347480106,0.0851651734734573,1.09348327628917,0.73716451834357,0.101541425818882,0.252217313222348,0.490589043259184,0,0,0,0,0,0.257193643518468,0,0,0
"125","Primate",0.0107070707070707,0.144448546618381,0.916369987130294,0.152744578012004,1.12194680478865,0.0587878787878788,0.140544531844911,0.962938386407333,1.03149143317861,0.904697621082801,1.00987604350327,0.133224504144656,0.115656437664042,0.125468164794007,0.152744578012004,0.192883895131086,1.0022061800969,0.0432323232323232,0.0785682973160789,0.126865671641791,0.743903185805484,0.906762940262794,0.124423963133641,0.163480618639046,0.0814963083961812,0.361833288662557,0.113216428430623,1.23791870779823,0.336769759450172,0.0238383838383838,0.419847328244275,1.16303557070108,0.425210965685587,0.158112598325525,0.0466666666666667,0.148352561391851,0.0533333333333333,0.113704430277307,0.674378365393569,0.213930348258706,0.0486868686868687,0.0420463846693487,1.10049905629762,0.844179375308543,0.0177777777777778,0.295977011494253,0.122976465364297,1.05804531957176,0.573652786049139,0.107878787878788,0.254231966519507,0,0,0,0,0,0,0,0.496303131712659,0,0.249464901767834
"126","Neoaves",0.0265486725663717,0.133699117531397,1.22020054160872,0.130339843221563,0.988938794699139,0.089358946686812,0.143105085598933,1.00561508613002,1.02464967954639,1.07777667739539,0.8925660008576,0.124965004325829,0.243883314893956,0.272952853598015,0.169307425215639,0.121588089330025,1.14287959668588,0.0248219296352256,0.1457925050468,0.212014134275618,0.496207620095939,0.861415060027759,0.0836363636363636,0.184760087040876,0.110856052224525,0.424328804421569,0.134370972393364,0.937924101909924,0.420289855072464,0.0334556442909562,0.252688172043011,0.993468232574308,0.510839660868186,0.169307425215639,0.0556874595294626,0.155870327976302,0.0431685732786531,0.0920441160894545,0.626195733369391,0.173144876325088,0.0556874595294626,0.0477906079843792,1.22977439704879,0.594765070320626,0.0192100151090006,0.264957264957265,0.063826211886848,0.932183486439736,0.695129044522459,0.0869846751564861,0,0,0,0.242327552255787,0,0.757672447744213,0,0,0,0,0
"127","Rodent",0.0105789009697326,0.179158645759561,1.23288289983815,0.121571938193988,0.999886468368418,0.053776079929474,0.206885579031874,1.00872065899328,1.14378981386531,1.15073524722927,0.846556736991826,0.121571938193988,0.140767507382512,0.146282973621103,0.138634666361565,0.146282973621103,1.25475355167892,0.0376138701146048,0.0874464818588334,0.147540983606557,0.538616102989206,1.17134278941761,0.0446927374301676,0.134368984319671,0.0959778459426221,0.159480874171763,0.0981106869635692,1.20462841492695,0.207650273224044,0.0252718189832501,0.424460431654676,0.829951488036727,0.238772412997695,0.177025804738614,0.065530414340288,0.179158645759561,0.0384954451954158,0.155697394529142,0.763703269744792,0.140983606557377,0.0667058477813694,0.0320522474196626,1.26566469259043,0.704915238682102,0.0246841022627094,0.280612244897959,0.0490553434817846,0.893868413962753,0.801335599065982,0.122538936232736,0,0,0,0,0,0,0,0,0,1,0
"128","Rodent",0.0114309906858594,0.148896341114672,1.00201190017551,0.147913526981902,0.981135727046469,0.0484758679085521,0.138576792720586,0.921896720004579,0.923761225605859,0.930812663277058,0.984741619341044,0.159215889508758,0.120886138330724,0.144508670520231,0.131697093791195,0.154142581888247,0.978200008182616,0.0317527519051651,0.0663399539619825,0.179487179487179,0.729188101719468,1.07400339200191,0.0539419087136929,0.162655738973453,0.0923845284803904,0.192724208085287,0.108600961671097,1.06532651181159,0.244541484716157,0.0277307366638442,0.336065573770492,1.03716054088003,0.225035455966252,0.166095588438149,0.0499576629974598,0.197545640686792,0.0446655376799323,0.0869790507501548,0.824035618957219,0.217948717948718,0.0620237087214225,0.0152620135098815,1.06933601237097,0.697313107023782,0.0224386113463167,0.463949843260188,0.105161112206402,0.964938667198572,0.711520994899742,0.109864521591871,0.334813044220591,0,0,0.332076248631602,0,0,0,0.333110707147807,0,0,0
"129","Plant",0.0186009955462405,0.190156343977003,1.04154533840243,0.165053196257267,1.10543321783432,0.0615666753995284,0.11045384996684,0.876980427227209,1.24543030407004,1.14551296197587,0.78374839498843,0.11045384996684,0.146225835467464,0.24317617866005,0.138694891151544,0.136476426799007,1.31487350968252,0.0303903589206183,0.0727991283872355,0.12094395280236,0.738151435513463,0.985444470130453,0.132978723404255,0.165053196257267,0.0916264891770378,0.346163769979478,0.101667748264932,1.07993569821027,0.331914893617021,0.0254126277181032,0.380281690140845,0.806902872276106,0.421142809755194,0.165053196257267,0.0542310715221378,0.155639515862366,0.0484673827613309,0.141832784616511,0.660683374305941,0.115044247787611,0.0537070998166099,0.0452698889691093,0.941585048771945,0.965798337961839,0.0180770238407126,0.380782918149466,0.0866058596330905,1.17530843541911,0.755036590349063,0.105580298663872,0,0,0,0,0,0,0.730857370410164,0,0,0,0.269142629589836
"130","Artiodactyl",0.0145727533671892,0.118548840475958,0.67266083817808,0.130138136489901,0.871465136977654,0.0509310370206815,0.259551941978931,1.01615255059173,0.696491991020134,0.767453689534787,0.996637268212055,0.0975432414506865,0.148970742512558,0.0614814814814815,0.109615424798544,0.0533333333333333,0.609012298663254,0.0463678516228748,0.0564978180679719,0.0379867046533713,0.608465091696587,1.04588479695221,0.0430327868852459,0.128448030821201,0.133276904160344,0.369963068448562,0.0690528887497434,1.8296579055632,0.157514450867052,0.0212703319349378,0.412037037037037,0.952548590028481,0.322524862757102,0.16828623586913,0.0429086626922794,0.132069685825558,0.049606241260028,0.0446670783870718,1.12712464511442,0.296296296296296,0.049311842202105,0.0198352835542744,1.13930492370358,0.552036285585718,0.0323102966070509,0.36,0.11082264313333,0.889455778954579,0.708931735362537,0.0993596820490174,1,0,0,0,0,0,0,0,0,0,0
"131","Neoaves",0.0262314194112504,0.135811573522598,1.22845117653097,0.135811573522598,0.977079026898143,0.0894782862139318,0.165104265851002,1.04903267331987,0.963090189497375,1.00003814755474,0.926301095221123,0.163107036828611,0.237004510657084,0.292604501607717,0.153786634724119,0.131832797427653,1.07541693250441,0.0262314194112504,0.111844825253905,0.276470588235294,0.462675065980851,0.732951231910649,0.120603015075377,0.186408042089841,0.0965327360822391,0.471117757721703,0.140471774574844,1.09611550926632,0.563517915309446,0.0346837656659866,0.333333333333333,0.99751974211483,0.532062220784451,0.17375892494803,0.0606237248615564,0.181747841037595,0.0437190323520839,0.0679057867612992,0.715104306562808,0.176470588235294,0.058874963567473,0.0413530023032221,1.39954200153299,0.738991825877916,0.0195278344505975,0.155913978494624,0.0625798427015895,0.955343716427106,0.847986155328076,0.090644127076654,0,0,0,0.247579314885087,0,0.752420685114913,0,0,0,0,0
"132","Galloanserae",0.0116918844566713,0.0983599839890182,0.939490612889265,0.118230687825184,0.990296831883169,0.0541036221916552,0.134127250894116,0.990789457312099,0.970010143871178,0.881172118075205,1.00391370595093,0.167410679819693,0.121211293400608,0.186732186732187,0.118727455421088,0.179361179361179,1.02231257520483,0.0348464007336084,0.0640830198716331,0.279661016949153,0.661171273188887,0.98288041674483,0.0265486725663717,0.23447430526675,0.0839537237077984,0.193403074949585,0.129159574935074,1.2754667857206,0.347457627118644,0.0247592847317744,0.486692015209125,1.13392487778661,0.21916425974985,0.160952701072939,0.0694635488308116,0.230003396903613,0.041723979825768,0.0581218087207835,0.744253414000884,0.194915254237288,0.0754241173773498,0.0094561772151046,1.29647136631574,0.68889219838502,0.0183402109124255,0.46031746031746,0.075011906981524,0.885001933286265,0.864401855463974,0.0933058230169647,0.227420343991303,0,0,0,0,0,0,0.228545842276921,0.31360633345413,0.230427480277646,0
"133","Rodent",0.011531638083974,0.155510609298169,1.08760211515479,0.112313217826456,0.944439814823023,0.050561797752809,0.200867870343469,1.01683666025539,1.10121266059332,1.12437196200122,0.819335031236733,0.103673739532113,0.157670478871755,0.159203980099502,0.149031000577412,0.13681592039801,1.10843610373143,0.0322294500295683,0.0647960872075705,0.13,0.520811786678996,1.07917483005892,0.029940119760479,0.142551391856655,0.105833609105698,0.22640362300815,0.0928743916641844,1.19571772738492,0.286549707602339,0.0307510348905973,0.3828125,0.868499143998478,0.242582577224169,0.19006852247554,0.0623891188645772,0.183588913754783,0.0378474275576582,0.133911913562312,0.65358561922543,0.2,0.0683027794204613,0.0324584314005862,1.22222310013132,0.697963803615804,0.0257244234180958,0.282722513089005,0.0691158263547419,0.907507198215376,0.800041478795886,0.11886457717327,0,0,0,0,0,0,0,0,0,1,0
"134","Rodent",0.0115452930728242,0.176347875296452,1.11705219272508,0.123443512707516,0.997345550465084,0.0526939017169923,0.185165269061274,1.03402695840349,1.12147022685053,1.0594557550229,0.869581712448678,0.12123916426631,0.163121784649218,0.157635467980296,0.156508739325601,0.150246305418719,1.1210275703568,0.0364120781527531,0.0947869829718427,0.116666666666667,0.552787169653342,0.996967451331654,0.06875,0.13666960335475,0.0881739376482258,0.216109014138571,0.0903782860894315,1.2062219815832,0.241573033707865,0.026939017169923,0.368055555555556,0.929268760795854,0.25222673979865,0.163121784649218,0.0627590290112493,0.18736961750248,0.0387803433984606,0.132260906472339,0.668997731215801,0.18,0.0701598579040853,0.0154592003998204,1.23315617701363,0.788364454917035,0.0251628182356424,0.223350253807107,0.0749478470009919,0.920551750050492,0.73607209517166,0.120189461219657,0,0,0,0,0,0,0,0,0,1,0
"135","Artiodactyl",0.0188756668034469,0.154946058511065,0.947730630080761,0.090132020963953,0.993161718945703,0.0832991382847764,0.156971497184413,1.09319475017905,0.88863061740039,0.822703499500694,1.02312782832922,0.108360969024078,0.188365796621295,0.227906976744186,0.204569306008073,0.0651162790697674,1.08391779154159,0.0328272466146902,0.208620183354768,0.12565445026178,0.507689489494523,0.909229678870404,0.0681818181818182,0.0992464949940157,0.133678952440919,0.549780768332147,0.100259214330689,0.957241274626246,0.0935960591133005,0.020927369716865,0.2,1.04586201975743,0.723010332019316,0.129628075094225,0.0398030365203119,0.124564478410856,0.0718096019696348,0.113424565707447,0.847475849074826,0.115183246073298,0.0369306524415265,0.0882708070954507,1.2813697724561,0.676362049125035,0.0118998768978252,0.186440677966102,0.0658267568837859,1.0711093501272,0.864002442526364,0.0882232252769799,0,1,0,0,0,0,0,0,0,0,0
"136","Galloanserae",0.0164444444444444,0.127401373777253,0.888040108662431,0.134106709239214,1.0759292168466,0.0657777777777778,0.201160063858821,1.04567397851053,0.944665385265754,0.944026378214776,0.920936099274622,0.131232994041231,0.203075873990809,0.126903553299492,0.161885956153051,0.0862944162436548,0.930135158130245,0.0435555555555556,0.0919588863354609,0.0833333333333333,0.438246659470878,0.886107211348007,0.110091743119266,0.134106709239214,0.108243272457365,0.315429642786845,0.101537936995405,1.35793891323907,0.27027027027027,0.024,0.348148148148148,1.02275672055129,0.286796709116664,0.181044057472939,0.056,0.159970146021062,0.0488888888888889,0.0833377407415114,0.685840797921436,0.166666666666667,0.0586666666666667,0.0249519539692119,1.24747177637149,0.60892952229673,0.0235555555555556,0.206106870229008,0.0728007850155732,0.950134567580008,0.572021510305158,0.0875555555555556,0,0,0,1,0,0,0,0,0,0,0
"137","Plant",0.00796019900497512,0.155596414150441,1.07705676003304,0.126782263381841,0.9249793233681,0.0405970149253731,0.153675470765868,1.03159125728348,1.15302656111816,1.06629577633852,1.0297990795844,0.151754527381295,0.0691539618446406,0.116129032258065,0.076837735382934,0.129032258064516,1.26428036653712,0.0282587064676617,0.0345769809223203,0.135802469135802,0.618654099456472,0.909544703499278,0.0258064516129032,0.144070753843001,0.0480235846143338,0.209825736767872,0.0941262258440942,1.06756910040712,0.352941176470588,0.034228855721393,0.398009950248756,1.16387713363429,0.266742012121648,0.151754527381295,0.062089552238806,0.153675470765868,0.0292537313432836,0.076837735382934,0.737732592205489,0.172839506172839,0.0915422885572139,0.0192452389518048,1.0772570005804,0.711878002379709,0.0228855721393035,0.464114832535885,0.0979681126132409,0.974482018198083,0.593787513326972,0.0925373134328358,0,0,0,0,0,0,1,0,0,0,0
"138","Rodent",0.0199773840934791,0.115686785334636,1.38571652424506,0.142848030587116,0.900307843131974,0.075763286845081,0.148883862865445,1.08207074504068,0.958006724526185,1.30888145642793,0.978456433004874,0.0945613723604853,0.221313850205391,0.266666666666667,0.181074968349865,0.0541666666666667,1.11550728742293,0.0422163588390501,0.209242185648733,0.134502923976608,0.458641221701043,1.21847398351031,0.0617283950617284,0.126752477844906,0.131782338076847,0.480430981771866,0.099591232592426,0.827717716086272,0.139303482587065,0.0275160196004523,0.146245059288538,1.0331598297327,0.625340995338568,0.159949555375714,0.0508857896720694,0.0935554003140971,0.0712401055408971,0.147877890819057,0.724857095990449,0.087719298245614,0.0441010177157935,0.0786120746832065,1.26466798938391,0.500165713562601,0.0180927252167358,0.094488188976378,0.0694120712007817,1.05039689522385,0.592120373221362,0.0904636260836789,0.25160445986787,0.251439396023533,0,0,0,0,0,0.496956144108596,0,0,0
"139","Fish",0.0185601799775028,0.156260096619023,1.01942450865702,0.181668242410734,0.940836703467054,0.0590551181102362,0.135933579985654,0.954190415768828,1.25958233587997,1.19784129163627,0.891516472977344,0.116242266997078,0.158800911198194,0.233870967741935,0.145461634657546,0.126344086021505,1.29328916732333,0.0365579302587177,0.0755892337303405,0.134328358208955,0.574773485266169,0.922043664496011,0.136904761904762,0.181033038765942,0.0679667899928272,0.375459175231196,0.0978213612980877,1.16971230177972,0.533333333333333,0.0323397075365579,0.431623931623932,0.958261477082606,0.476596856623109,0.17849222418677,0.0643982002249719,0.164517744001329,0.0517435320584927,0.102267786811637,0.676376091922228,0.190298507462687,0.0646794150731159,0.049001846902184,1.14570559861904,0.975985847308718,0.016029246344207,0.228971962616822,0.0755892337303405,1.09255888658694,0.728246896751838,0.104611923509561,0,0,1,0,0,0,0,0,0,0,0
"140","Vespbat",0.0254982415005862,0.150816828328029,1.28617360588524,0.116988754684359,0.982848519176605,0.0808909730363423,0.134607543040437,1.0859028186256,0.98269413291531,1.10496191142555,0.926284004514328,0.142359809917111,0.238206018574176,0.329230769230769,0.141655058382868,0.110769230769231,1.1664585153267,0.0281359906213365,0.116988754684359,0.217171717171717,0.5121015709251,0.735581365107828,0.117924528301887,0.156454840601974,0.109941239341928,0.503298811473181,0.0965509601913082,1.02875233460917,0.384057971014493,0.0357561547479484,0.283898305084746,0.927739744651025,0.589172296694422,0.161388101341676,0.0556858147713951,0.176187883560781,0.0398593200468933,0.0902081963831201,0.802091521803672,0.146464646464646,0.0565650644783118,0.0515427555261129,1.21974406748429,0.727954978475616,0.0181711606096131,0.297752808988764,0.0641323896161244,0.993411526422245,0.830126733267221,0.0952520515826495,0.249080506742951,0,0,0.249574618270981,0,0,0,0.250198759148493,0,0,0.251146115837575
"141","Artiodactyl",0.0273047563123899,0.17272153463809,1.17475215311005,0.129711824431767,1.05435627239828,0.0857310628302995,0.158384964569316,1.05178275354377,1.01727073658709,0.98601735236496,0.891340585004658,0.123567580116578,0.243721691169163,0.262458471760797,0.142683006874944,0.112956810631229,1.12876374618339,0.0249559600704639,0.102404071919816,0.162790697674419,0.51787891360016,0.712075633594271,0.0529100529100529,0.177500391327682,0.1112790914862,0.353643614864204,0.104452153358213,1.06319570354239,0.455479452054795,0.0393423370522607,0.241071428571429,0.969840822582134,0.417983360503187,0.185010023268468,0.0549031121550205,0.163846515071706,0.042571931884909,0.0901155832894383,0.683651019006183,0.172093023255814,0.0598943041691133,0.0328303828139716,1.15522816547675,0.769351526965562,0.0187903699354081,0.328042328042328,0.0703174627182738,1.01746279651258,0.68373856555747,0.0883734586024662,0,0,0,0,0,0.250651787146273,0,0.25008485354837,0,0,0.499263359305357
"142","Vespbat",0.0118106295666099,0.129643182206915,1.03846009953983,0.119440935622494,0.872834043388958,0.058352517265539,0.190110155865802,1.07636537870486,0.929649694297139,0.692307582506503,1.12658488867581,0.123919970708337,0.152536028201226,0.128888888888889,0.104510818669682,0.0988888888888889,0.942427820321518,0.0354318886998298,0.0823644785230112,0.109479305740988,0.608241390360867,0.870743379218704,0.0647668393782383,0.148554663680476,0.111478206580994,0.480384478149481,0.0938109015201668,1.09646854970497,0.212692967409949,0.0220198178360524,0.299052774018944,1.23894259620735,0.629289342502893,0.149301169528117,0.0400360324291863,0.139596593508789,0.0431388249424482,0.115459571101744,0.843166258919746,0.201602136181575,0.0519467520768692,0.0680586529215057,1.01404469730402,0.548249479354089,0.0307276548894005,0.241452991452991,0.138103581813508,0.90409902945877,0.583614117416726,0.0900810729656691,0.499490425360725,0,0,0,0,0,0,0,0.500509574639275,0,0
"143","Pterobat",0.0128998426848453,0.10155138404701,0.667221212780157,0.114678758082356,0.831750524504917,0.0636601992658626,0.210037984565524,0.967648955549155,0.643984457723334,0.565020879482962,1.2505223762321,0.0797549894222861,0.155546998003713,0.0820568927789934,0.0715813414380146,0.0864332603938731,0.603235860176744,0.0316727844782381,0.0760396948839809,0.0740181268882175,0.711885273713591,0.898583898115238,0.0360576923076923,0.117898680015553,0.16272990077777,0.665210104536006,0.0861948332886819,1.24668803133617,0.0741350906095552,0.0243314105925538,0.257022471910112,1.2797375344407,0.664128775485427,0.142914996573475,0.0357629785002622,0.110468090938943,0.0462506554798112,0.0572155358899009,1.25231311505647,0.303625377643505,0.0452018877818563,0.0387110838402855,0.990288645552404,0.507343267252432,0.0314630309386471,0.392434988179669,0.145639545901566,0.939564414043179,0.642588607828712,0.0958573675930781,0.504035413351075,0,0,0,0,0,0,0,0.248864980928655,0,0.247099605720269
"144","Rodent",0.0259475218658892,0.126742118077717,1.24744153546691,0.113864576668752,0.96471662352071,0.0862973760932945,0.153174966232963,1.09292080731116,1.00639308419129,0.940436691707106,0.965991139102727,0.109797984644868,0.241962225421097,0.281045751633987,0.147752843534451,0.163398692810458,1.12663574778467,0.026530612244898,0.139619659486683,0.198019801980198,0.552178050166122,0.803048215037356,0.0796019900497512,0.189774294447919,0.109120219307554,0.416005256583741,0.128097648752345,1.01431575556868,0.489864864864865,0.0332361516034985,0.240924092409241,1.07348482877069,0.494153883039349,0.168763568991185,0.0615160349854227,0.157919323594161,0.0454810495626822,0.0860761978388776,0.690771797010329,0.207920792079208,0.0603498542274052,0.0373465755734157,1.24302456611677,0.596679367514538,0.0186588921282799,0.28735632183908,0.0643877070448297,0.936119292349833,0.703517668371541,0.0892128279883382,0,0,0,0,0,1,0,0,0,0,0
"145","Neoaves",0.0277372262773723,0.158434444008027,1.3217881402551,0.113853323399708,0.990818445700638,0.084963503649635,0.137858542188803,1.02973094706965,1.05540562245204,1.06337648083991,0.918556993080856,0.1406019957647,0.244853231648769,0.291946308724832,0.194099340494683,0.114093959731544,1.2513701132627,0.0277372262773723,0.145403039522519,0.243654822335025,0.432901916174412,0.844295934118991,0.0980392156862745,0.163235487765846,0.0925915581865094,0.437774274636786,0.133057498430984,1.04688455186635,0.436426116838488,0.0353284671532847,0.30976430976431,1.03649497377239,0.54512494449191,0.157748580614053,0.0569343065693431,0.163235487765846,0.0435036496350365,0.105622962672018,0.609867942377911,0.147208121827411,0.0528467153284672,0.053597060219673,1.25986242276771,0.661612962323258,0.018978102189781,0.125,0.0582983884878022,0.992815476327417,0.801283313212386,0.087007299270073,0,0,0,0.251264266018688,0,0.748735733981312,0,0,0,0,0
"146","Vespbat",0.0128254211332312,0.13602847984463,1.0359527027027,0.158126969350076,1.00939097871152,0.0499617151607963,0.137010634933761,0.942194512734075,1.11429675095361,1.1001965351154,0.989830985763056,0.121296153507667,0.116385378062012,0.169847328244275,0.137010634933761,0.16030534351145,1.13325974435334,0.051301684532925,0.0874118029326506,0.17436974789916,0.690973401151771,1.06259941949593,0.125475285171103,0.147323263369636,0.0736616316848179,0.430329210538089,0.121787231052232,1.19690409494972,0.264367816091954,0.0243108728943338,0.464705882352941,1.02388674231476,0.489966337952713,0.166966365152254,0.0490045941807044,0.143394643013112,0.0591500765696784,0.137010634933761,0.843173354751896,0.157563025210084,0.0449846860643185,0.0501832738029879,1.07315710462699,0.825693705822955,0.0185681470137825,0.248041775456919,0.0957601211902633,1.08207011578731,0.605431107680432,0.100306278713629,0.252684277397455,0,0,0,0,0,0,0.247055923235924,0.500259799366621,0,0
"147","Vespbat",0.0163570834488495,0.144357219942057,1.32752862045931,0.181068754323874,1.01639315315016,0.0568339340171888,0.153690660886587,0.926423110532348,1.28300923883665,1.31558696647472,0.695646096294885,0.118845814693677,0.140623843564246,0.200520833333333,0.128179255638206,0.0989583333333333,1.35320447442214,0.0310507346825617,0.0771564451414445,0.106017191977077,0.629537320010544,1.15311736079418,0.0707547169811321,0.169868625190438,0.0858676566896721,0.346759312420388,0.0833787391044642,0.985358843649781,0.365853658536585,0.0255059606321042,0.373563218390805,0.723318253251903,0.386670817161313,0.184179901305384,0.0546160243970058,0.146846137527265,0.0490712503465484,0.140623843564246,0.575038346735665,0.120343839541547,0.058497366232326,0.0461308000955114,1.11263694806527,0.813226718025703,0.0174660382589409,0.377118644067797,0.0715563805747267,1.02556119296345,0.886639809375246,0.106459661768783,0,0,0,0,0,0,0,0,0,0,1
"148","Artiodactyl",0.0120137299771167,0.146791838653296,0.927698032961191,0.151888777495425,1.01829375928552,0.0638825324180015,0.151888777495425,0.921782618143969,1.05202148171391,1.03202488885238,0.946861415184699,0.119778062790016,0.137107654853252,0.159929701230228,0.155966328569127,0.154657293497364,1.02835759284598,0.0484363081617086,0.089196429737246,0.182291666666667,0.681586351965776,0.950487766013951,0.188118811881188,0.133539797663763,0.0937836746951615,0.53083497418068,0.116210205600526,1.17773494235149,0.361194029850746,0.0253623188405797,0.371638141809291,1.03815194317614,0.59052777018028,0.145262757000658,0.0543478260869565,0.15290816526385,0.0640732265446224,0.135068879316401,0.702999659250635,0.200520833333333,0.0356598016781083,0.0704688609167777,1.17091192745263,0.954501765055398,0.0179252479023646,0.209580838323353,0.108564797337334,1.10960930321948,0.585144846086983,0.108504958047292,0,0,0,0,0,0,0,0.250522645453928,0.498154703054363,0,0.251322651491709
"149","Vespbat",0.011989880101199,0.100207596940121,0.75574896406865,0.112353972326802,0.904116420992043,0.0664393356066439,0.258363526454201,1.09060319988337,0.737335441245101,0.560296232369605,1.07428980308353,0.115390566173473,0.167518760541313,0.0849282296650718,0.0994484484784534,0.0610047846889952,0.758729777366681,0.031569684303157,0.0688294605245276,0.0701219512195122,0.505991143509083,0.856961944013942,0.0664652567975831,0.133863178740717,0.150817494384627,0.406908096573581,0.0713599553967528,1.23647456301861,0.0960264900662252,0.019579804201958,0.284436493738819,1.14623941780558,0.508632072864035,0.151829692333517,0.037619623803762,0.144744306691286,0.037069629303707,0.0559239366761786,0.913645014320256,0.26219512195122,0.0557694423055769,0.033971834719515,1.09997648604753,0.426053355021449,0.032339676603234,0.259174311926606,0.121716803354036,0.813341847975591,0.638219371873229,0.0919590804091959,0,0,0,0,0,0,0,0.2494822811381,0.247926478629765,0,0.502591240232136
"150","Carnivore",0.00828863968795709,0.125427005321677,0.712923670863323,0.143186581296428,0.875190001262467,0.0550950755728913,0.221994699684385,1.1080705413688,0.850211534455837,0.851716616463858,1.04543524272715,0.104337508851661,0.157616236775913,0.166666666666667,0.132086846312209,0.0806451612903226,0.760719054448346,0.0287664553876158,0.0754781978926908,0.0487804878048781,0.544426246525415,0.892347345371002,0.0543478260869565,0.117657190832724,0.107667429346927,0.431435021291878,0.0799180918863785,1.10408770624535,0.345132743362832,0.0248659190638713,0.208333333333333,1.11541737212047,0.456062354209829,0.189805468230149,0.0433934666016577,0.124317031823255,0.0711847879083374,0.133196819810631,0.888590955827504,0.134146341463415,0.0472940029254022,0.0433696541904988,1.09976671141289,0.609512482927147,0.0263286201852755,0.232323232323232,0.0954577208642854,0.963294236912958,0.661713353404816,0.09068746952706,0,0,0,0.502726875309058,0,0,0,0,0,0,0.497273124690942
"151","Artiodactyl",0.0108040201005025,0.10142370082683,0.937589174994778,0.126779626033537,0.996563044575296,0.0404522613065327,0.143683576171342,0.985303898772924,0.961336998558812,0.816376814569944,1.23072446912425,0.0929717257579273,0.211299376722562,0.16120218579235,0.13523160110244,0.16120218579235,1.04123595145111,0.0376884422110553,0.118327650964635,0.123711340206186,0.701956058457791,0.8289376413243,0.142857142857143,0.126779626033537,0.118327650964635,0.418597334626463,0.10142370082683,1.26725740129177,0.22360248447205,0.0291457286432161,0.463054187192118,1.28855179528494,0.470928100611646,0.109875675895732,0.0527638190954774,0.10142370082683,0.0344221105527638,0.0845197506890248,1.03553475767423,0.147766323024055,0.0771356783919598,0.0338709159514043,1.1238007502311,0.841649231983361,0.0276381909547739,0.444126074498567,0.109875675895732,1.07343529380531,0.702698333841626,0.0919597989949749,0,0,0,0,0,0,0,0,0,1,0
"152","Pterobat",0.0129940443963184,0.0992665300930456,0.761433142550059,0.117734721738263,0.90463343517176,0.0690695336066208,0.264967249576528,1.0669233637931,0.687542972893366,0.629734625413252,1.26983359847042,0.0897759316086976,0.169035254086091,0.0583623693379791,0.0607911308321752,0.0592334494773519,0.639387365828802,0.0270709258256632,0.064125665434784,0.101769911504425,0.479345386190183,0.985698201808945,0.0419426048565121,0.117478219076524,0.148258538485221,0.411781013623097,0.0782333118304365,1.22962187061082,0.0806270996640538,0.0198777941062727,0.237068965517241,1.3898905749495,0.490366024681658,0.174678312644352,0.0378992961559285,0.121325759002611,0.0323304199860778,0.0541220616269577,1.05424261970938,0.279867256637168,0.0580091267692784,0.0323795764690403,1.08852380601552,0.460538867583046,0.0339546755356176,0.226209048361935,0.117221716414785,0.86752465534978,0.524593230075955,0.0887926367081754,0,0,0,0,0,0,0,0.499461547424431,0.25185104106716,0,0.248687411508409
"153","Primate",0.0135198135198135,0.138576482542281,0.931595282433272,0.133366840341444,1.21300553404596,0.0657342657342657,0.138576482542281,0.917608283267912,0.824643512537446,0.685047159666964,0.871226441304026,0.156289266025129,0.17296012106781,0.111111111111111,0.18963097611049,0.185185185185185,0.842320511838173,0.0428904428904429,0.0750188476920621,0.129770992366412,0.691297082606517,0.781919146896502,0.0540540540540541,0.141702267862784,0.122947555939768,0.190440958863569,0.0958574164954127,1.20277847782258,0.191489361702128,0.0233100233100233,0.330578512396694,0.999815034033738,0.268069674247393,0.139618410982449,0.0377622377622378,0.232350042157359,0.0601398601398601,0.0812704183330673,0.574135463317789,0.251908396946565,0.0624708624708625,0.0187896694576901,1.11642481141497,0.596293542613245,0.020979020979021,0.333333333333333,0.146911910063622,0.961061623194032,0.648056320783594,0.0881118881118881,0,0,0,0,0,0,0,0.492563904791909,0.227424652276093,0,0.280011442931998
"154","Rodent",0.0117011701170117,0.152995827337745,1.03763386885657,0.0983544604314075,0.975219029932703,0.0543054305430543,0.22512243165411,1.14764276732545,1.11246515182964,1.01534751846002,0.823415920047663,0.133324935251463,0.144253208632731,0.121212121212121,0.157367136690252,0.111888111888112,1.05068093308215,0.0342034203420342,0.0852405323738865,0.0925925925925926,0.531118286262896,1.03566347353112,0.0429447852760736,0.155181482013998,0.08742618705014,0.194124179419744,0.069940949640112,1.19178823684112,0.248618784530387,0.0255025502550255,0.349206349206349,0.792026652032554,0.271882615110077,0.146438863308984,0.0696069606960696,0.168295410071519,0.0369036903690369,0.142067553956477,0.807013999717177,0.211111111111111,0.0741074107410741,0.0372253860485066,1.28233237301323,0.680312497815237,0.0297029702970297,0.337423312883436,0.0633839856113515,0.806346802511648,0.705957048341375,0.128712871287129,0,0,0,0,0,0,0,0,0,1,0
"155","Rodent",0.0123058892469968,0.18403154545139,1.07631824212121,0.130866876765433,0.96443723432566,0.050395546440082,0.224927444440587,1.08410414225057,1.21018781984477,1.06798245614035,0.850501146384178,0.147225236361112,0.132911671714893,0.144963144963145,0.149270031310572,0.14004914004914,1.24066124285962,0.0372106651040141,0.0838365929278553,0.133956386292835,0.4787465489501,1.02686582586379,0.0472972972972973,0.122687696967593,0.089970977776235,0.142550976508851,0.0961053626246147,1.20721965853675,0.273255813953488,0.0284207442133021,0.464285714285714,0.87071677543244,0.164447351566729,0.198345110097609,0.0650454145912687,0.18198675050193,0.0331087020216818,0.132911671714893,0.726788188892442,0.186915887850467,0.0732493407559332,0.024583275733682,1.18452638874601,0.702423711077802,0.0269557573981834,0.244019138755981,0.0613438484837966,0.893375132061363,0.741941000138561,0.119249926750659,0,0,0,0,0,0,0,0,0,1,0
"156","Rodent",0.0124703087885986,0.17071347635794,1.126077209578,0.129129424424595,0.888522207937133,0.0525534441805226,0.216674796915847,1.00811626034819,1.12801863280633,1.07649324914768,0.847835113798912,0.137883961673721,0.133506693049158,0.114427860696517,0.151015767547408,0.111940298507463,1.10412346418455,0.0317695961995249,0.0678476636807197,0.111913357400722,0.525824444140901,1.05041051965586,0.0242424242424242,0.194788453793034,0.111620349926345,0.227686424895478,0.0984885440526576,1.32482493356189,0.271186440677966,0.0279097387173397,0.496240601503759,0.884182283344108,0.273331917284425,0.207920259666722,0.0656175771971496,0.199165722417596,0.0347387173396675,0.109431715614064,0.70191502223095,0.220216606498195,0.0721496437054632,0.0350834204953541,1.23866403848646,0.695634941576996,0.0273159144893112,0.239795918367347,0.0525272234947507,0.916421732895639,0.825668760165806,0.119358669833729,0,0,0,0,0,0,0,0,0,1,0
"157","Rodent",0.0116487455197133,0.155763239313802,1.14455357078521,0.104583889253553,0.981312258107284,0.0546594982078853,0.21139296764016,1.10316834790656,1.13360949647098,1.017991294209,0.820359993225576,0.09790832185439,0.153538050180748,0.149397590361446,0.153538050180748,0.146987951807229,1.18752673287937,0.037037037037037,0.0890075653221727,0.131205673758865,0.526614061963313,1.09658247036236,0.0251572327044025,0.131286158850205,0.111259456652716,0.160289792591619,0.102358700120499,1.11345116793576,0.26775956284153,0.0244922341696535,0.344,0.815387205792151,0.241692462593371,0.19581664370878,0.0648148148148148,0.144637293648531,0.0379330943847073,0.131286158850205,0.722762413579221,0.23758865248227,0.0719832735961768,0.0312107143247961,1.2236721248757,0.631041624403799,0.0277777777777778,0.271186440677966,0.0600801065924666,0.840576749965059,0.754620609182876,0.123954599761051,0,0,0,0,0,0,0,0,0,1,0
"158","Rodent",0.0125,0.170804347373816,1.14183851959912,0.125400660097232,0.959951712690508,0.0476190476190476,0.201073472224872,1.06097158717083,1.16984114715287,1.00699487593146,0.750821090281279,0.123238579750728,0.138373142176256,0.135204081632653,0.131886901136744,0.14030612244898,1.25082606349362,0.0297619047619048,0.0518899283160959,0.0622950819672131,0.506796034644553,1.04232412940045,0.0481927710843374,0.136211061829752,0.110266097671704,0.146311371306231,0.0713486514346319,1.22154918353718,0.26875,0.0264880952380952,0.546218487394958,0.776263108874723,0.197869818016366,0.203235552571376,0.0633928571428571,0.134048981483248,0.0339285714285714,0.14053522252276,0.63441499563122,0.242622950819672,0.0758928571428571,0.0259933238442915,1.18957973665902,0.644615383060093,0.0270833333333333,0.26605504587156,0.0497278479695919,0.888032404803753,0.673060302045722,0.116666666666667,0,0,0,0,0,0,0,0,0,1,0
"159","Vespbat",0.0107996153561654,0.121770492402686,0.757912018004091,0.114840464379769,0.896377833001384,0.0657593017235003,0.252203519834018,1.13539929831362,0.831850251201669,0.572650774113401,1.18608450224979,0.109890444363399,0.158648141524638,0.0718181818181818,0.0643502602128015,0.0745454545454545,0.811933561041091,0.0254456690583623,0.0517277091710597,0.0785498489425982,0.463261932070932,0.796598633492904,0.0352941176470588,0.134393043444428,0.134640544445246,0.377883973930259,0.0740027992447217,1.14104532820877,0.116985376827897,0.0201198313484725,0.258771929824561,1.38557457107762,0.462279336800867,0.176468213583567,0.0426067016791183,0.137363055454249,0.0332864856868112,0.0579152341915214,0.79846800746791,0.283987915407855,0.0583623049042089,0.0379382359101066,1.04526340330162,0.466601956191613,0.0341741253051261,0.198639455782313,0.121275490401049,0.852886461372939,0.479823427255548,0.081366965012205,0,0,0,0,0,0,0,0.252634635542083,0.245417717215785,0,0.501947647242132
"160","Vespbat",0.0122386537480877,0.105678269073544,0.715994702845444,0.116072852916843,0.810372261282375,0.0693523712391637,0.271744120474827,1.12058119217292,0.709845507628527,0.671995546011294,1.2348965584349,0.0908288635831162,0.172500593780469,0.0876424189307625,0.0900863933085948,0.0411919368974584,0.684037334702069,0.027828367451009,0.0838991410209166,0.0837751855779427,0.443970103530566,0.992114569476835,0.0449897750511247,0.124240025936579,0.14478170353167,0.500740507643989,0.0739995373606314,1.17528984983231,0.0630252100840336,0.0201063597290012,0.21747572815534,1.32188783927458,0.593958399029827,0.164085930669226,0.0407955124936257,0.106420739348065,0.0399941720696438,0.0695447157135031,1.04579744001557,0.265111346765642,0.0525242223355431,0.0505820848991127,1.08126974251096,0.358670842769197,0.0341662417134115,0.157643312101911,0.117805283557393,0.861965254141517,0.566987104857577,0.0831208567057624,0,0,0,0,0,0,0,0.251573053772703,0.252213830267761,0,0.496213115959537
"161","Plant",0.00771055753262159,0.131319889743776,1.01430406243806,0.11047546280032,0.879025246018475,0.0391459074733096,0.181346514408072,1.02622756025873,1.18447359579275,1.07701134261954,0.998403284530346,0.127151004355085,0.0937999212455545,0.109339407744875,0.0687866089134066,0.143507972665148,1.3166401877154,0.0300514037168841,0.0375199684982218,0.17102615694165,0.576771219515522,0.930145545470593,0.0285714285714286,0.145910988604196,0.0625332808303697,0.145596462318266,0.0875465931625175,1.09361819118487,0.444444444444444,0.0371688414393041,0.404040404040404,1.13628543417951,0.225854442800734,0.145910988604196,0.0650454725187821,0.14382654590985,0.0304468169236853,0.0812932650794806,0.689204152870129,0.146881287726358,0.0860023724792408,0.0187949516110504,1.06819978170048,0.684904757422481,0.0227362593910637,0.443609022556391,0.066702166219061,0.981409313382273,0.567967915008493,0.086793198892843,0,0,0,0,0,0.254879402489138,0.745120597510861,0,0,0,0
"162","Rodent",0.012797619047619,0.169891388054159,0.957895669612667,0.1415761567118,0.996296496539792,0.0508928571428571,0.226521850738879,1.05325547022831,1.14917732809311,0.991378098412467,0.830358618008456,0.128507588399941,0.1415761567118,0.145780051150895,0.132863777837227,0.112531969309463,1.23413904343354,0.0333333333333333,0.0740552204338644,0.0870967741935484,0.510424716982735,1.06188003719777,0.0324675324675325,0.128507588399941,0.0914799781830089,0.138338185103393,0.0718771257152213,1.27970478767861,0.263157894736842,0.0261904761904762,0.433333333333333,0.83398163019474,0.221428964802255,0.189494240521947,0.062797619047619,0.165535198616873,0.0336309523809524,0.128507588399941,0.746325561603442,0.232258064516129,0.0758928571428571,0.0218215454222042,1.19344154625633,0.743336654030766,0.0273809523809524,0.323008849557522,0.0522742732474337,0.93775588232471,0.68785692755953,0.116369047619048,0,0,0,0,0,0,0,0,0,1,0
"163","Rodent",0.0130563798219585,0.153957183677473,1.10534234985155,0.149796178713217,0.979927340554361,0.0480712166172107,0.208050248212801,1.03189535209737,1.11776883352838,1.12285607821566,0.814239604125921,0.153957183677473,0.128991153891937,0.174757281553398,0.160198691123857,0.109223300970874,1.22124177699976,0.0311572700296736,0.0748980893566083,0.122324159021407,0.551338139852319,1.15779616387924,0.0558659217877095,0.0977836166600164,0.1040251241064,0.208881469971552,0.0873811042493764,1.21799596856561,0.222222222222222,0.0243323442136499,0.44954128440367,0.803113237994071,0.264207541161803,0.214291755659185,0.0655786350148368,0.149796178713217,0.0338278931750742,0.139393666302577,0.75510259335899,0.201834862385321,0.0712166172106825,0.0229281844029966,1.21529988747068,0.698287933707133,0.0293768545994065,0.339805825242719,0.0540930645353282,0.898329746444024,0.820605170823035,0.122255192878338,0,0,0,0,0,0,0,0,0,1,0
"164","Rodent",0.0124740124740125,0.165800472222744,0.997738563397422,0.114122402958512,1.01487408710268,0.0546480546480547,0.183026495310821,1.03164653537229,1.0951658093231,0.997226057824218,0.808882338886241,0.150727702020676,0.135654931818609,0.142857142857143,0.142114690476638,0.123152709359606,1.06052174437801,0.0356400356400356,0.0882833683263962,0.0925925925925926,0.57160811228318,0.971622907697712,0.0457516339869281,0.114122402958512,0.0882833683263962,0.169233911405524,0.0732105981243285,1.33388136976331,0.304347826086956,0.0273240273240273,0.522388059701492,0.882433966614516,0.185424855093524,0.161493966450725,0.0632610632610633,0.200252518398899,0.0344520344520345,0.137808184704618,0.607336842064693,0.218518518518519,0.0727650727650728,0.0194153976545805,1.19319097650965,0.74487799475802,0.0264330264330264,0.401913875598086,0.0839768625543768,0.937660010385468,0.760157793181216,0.120582120582121,0,0,0,0,0,0,0,0,0,1,0
"165","Rodent",0.0121553513193003,0.160728525036104,1.08238900899037,0.152156337034178,0.913398359722253,0.0518825970945746,0.20144641804525,0.980479254512206,1.09958627266722,1.13187747035573,0.800086155851803,0.145727196032734,0.15429938403466,0.149746192893401,0.126439773028402,0.142131979695431,1.15841021920976,0.0358731099911058,0.083578833018774,0.0729166666666667,0.559590465254144,1.12280456155993,0.0254777070063694,0.115724538025995,0.115724538025995,0.169862630445122,0.0942940680211809,1.27384444075293,0.234285714285714,0.0269789504891788,0.426470588235294,0.78207586100775,0.226573070683696,0.197160324044287,0.0640379484138749,0.195017277043806,0.0349836940409131,0.173586807038992,0.736352522782841,0.201388888888889,0.0699673880818263,0.0236174564718941,1.20120489409752,0.759929140630785,0.0272754224725763,0.256830601092896,0.0707205510158857,0.887227221589285,0.737544290342174,0.116809961458642,0,0,0,0,0,0,0,0,0,1,0
"166","Rodent",0.0126284875183554,0.161475128840166,1.08558773424191,0.134213094100917,0.998539658637522,0.0537444933920705,0.186640083984087,1.05940995712541,1.1373401855245,1.10545535326726,0.805105038512273,0.13840725329157,0.159378049244839,0.120567375886525,0.17825176560278,0.115839243498818,1.11659313140949,0.0399412628487518,0.0713007062411121,0.103333333333333,0.513650972542781,1.06812389275165,0,0.153086810458858,0.111145218552322,0.1572879038442,0.0817861042177462,1.2813986851285,0.278688524590164,0.0249632892804699,0.396551724137931,0.802168309605418,0.201931882623599,0.197125481960722,0.0619676945668135,0.186640083984087,0.0323054331864905,0.144698492077551,0.730885870738839,0.24,0.0701908957415565,0.0294138377694957,1.2521026975956,0.704038186157518,0.0273127753303965,0.297560975609756,0.0629123878598048,0.882690873890279,0.754145744029394,0.124229074889868,0,0,0,0,0,0,0,0,0,1,0
"167","Carnivore",0.0151739452257587,0.146562902689816,1.0909082108007,0.124849880069102,1.09253739498668,0.0662472242783124,0.158324123276035,1.12162819432211,1.17665550152471,0.909375805538247,0.807603262788974,0.195417203586421,0.147467611965679,0.148148148148148,0.173704180965707,0.12037037037037,1.37091167668546,0.0299777942264989,0.0977086017932104,0.0793650793650794,0.484430990064651,0.73419639739262,0.0697674418604651,0.143848774862226,0.110374531655293,0.491853820393868,0.0805191255518123,1.02955038549139,0.268156424581006,0.0203552923760178,0.331578947368421,0.905882669206427,0.755700739473487,0.164657088207077,0.0481125092524056,0.200845459241599,0.0569948186528497,0.145658193413953,0.527610580457013,0.0846560846560847,0.0588452997779423,0.0870139769984704,1.1790328970829,0.731159810222052,0.0185048112509252,0.128834355828221,0.0968038925173474,0.94436887260897,0.754438414889035,0.079940784603997,0.270123323665347,0.729876676334653,0,0,0,0,0,0,0,0,0
"168","Primate",0.0194457948468644,0.137774156497204,0.606846337970335,0.138951713390343,1.03925886337646,0.0627126883811376,0.208427570085514,1.04064063822537,0.788587593166,0.624658867367633,1.0614053887328,0.113045461741296,0.201362228726683,0.116959064327485,0.144839497856035,0.111111111111111,0.757771629778672,0.0345162858531843,0.0694758566951714,0.0923076923076923,0.569951272333514,0.814436232051281,0.0648148148148148,0.147194611642312,0.143661940962897,0.400737416301085,0.0930269945579413,1.41614137314412,0.24031007751938,0.0252795333009237,0.493055555555556,1.16155772840894,0.364131775696654,0.183698875329606,0.0602819640252795,0.162502851253113,0.0500729217306757,0.0494573895118169,0.877889313726623,0.269230769230769,0.0568789499270783,0.0342128016433984,1.1649699879952,0.666996948363649,0.0170150704910063,0.321100917431193,0.115400575527573,0.981279890500438,0.589322475211779,0.0831307729703452,0,0.474937059929329,0,0,0,0,0,0.525062940070671,0,0,0
"169","Plant",0.0170719089498189,0.143386519572819,0.885676249404239,0.199243918763837,1.02507183893258,0.0581996896016555,0.147417465906192,0.944357567287847,1.29100430079224,1.17783402762345,0.770831288720579,0.121504239477369,0.131293680572702,0.183060109289617,0.103077056239095,0.103825136612022,1.30991276897163,0.0333678220382825,0.0541298507624297,0.118380062305296,0.642150995676043,0.891422422627588,0.0975609756097561,0.174482391287406,0.100773658334311,0.426196709942787,0.0806189266674485,1.08382769290407,0.351111111111111,0.0315571650284532,0.315533980582524,0.84146529911781,0.532110487722008,0.172178993382622,0.0581996896016555,0.17390654181121,0.0434557682359027,0.116321594191604,0.58761274215529,0.124610591900312,0.0651836523538541,0.0646153559844838,1.03424523523567,0.937495548273992,0.0188825659596482,0.434456928838951,0.0863774214294091,1.10924479604697,0.837747655240419,0.0946714950853596,0,0,0,0,0.24744098600376,0,0.75255901399624,0,0,0,0
"170","Neoaves",0.00843782960271886,0.138192294499264,0.962071341987429,0.108015609782078,0.818591230028416,0.0496894409937888,0.186982635210229,0.931760913952238,0.718230411807835,0.573757872618647,1.26316868670952,0.143550771224746,0.130295591956449,0.0906768837803321,0.139038369771709,0.120051085568327,0.677332042795528,0.0431266846361186,0.0930682799688922,0.0948121645796064,0.723873091923997,0.873471951319261,0.0444444444444445,0.116476362506523,0.0930682799688922,0.524898990222665,0.116476362506523,1.27343474054279,0.188679245283019,0.0182819641392242,0.333333333333333,1.37835071497373,0.550835826754464,0.13734621922682,0.0365639282784484,0.179085932667414,0.0492206726825267,0.0910941043331885,0.978925143016833,0.141323792486583,0.047345599437478,0.05170679032659,1.14521602037487,0.591075369143124,0.0271885620532052,0.34251968503937,0.147499122496153,0.926412450495575,0.517217540190068,0.0917613969295676,0.245504564694968,0,0,0,0,0.754495435305032,0,0,0,0,0
"171","Galloanserae",0.0280128392179749,0.14051458106949,1.21267229254571,0.143203855348332,0.995020018834165,0.089290925007295,0.145893129627174,1.00211705348752,0.971670092498873,1.05759285041929,0.904224245461614,0.143203855348332,0.229932950840983,0.281045751633987,0.156650226742541,0.130718954248366,1.10591954990262,0.0253866355412898,0.12639589110557,0.238341968911917,0.527341034373793,0.755055966037631,0.0922330097087379,0.187576880949223,0.0995031483171507,0.428657475319973,0.12639589110557,1.11385220724278,0.506535947712418,0.0376422526991538,0.284,0.944499521891466,0.574828270329169,0.181526013821829,0.060694484972279,0.180853695252119,0.0440618616866064,0.0712657683893107,0.755679075778099,0.134715025906736,0.0571928800700321,0.0525385946883402,1.32436468746236,0.886129970902037,0.0177998249197549,0.297752808988764,0.0672318569710478,1.01868340344857,0.790129151291513,0.089290925007295,0,0,0,0,0,1,0,0,0,0,0
"172","Neoaves",0.0113308153743613,0.133440125689946,0.904610638325686,0.113796655410715,0.810597744040118,0.05820928682515,0.105668322881379,0.965926745202175,0.928356268173309,0.922559547996362,1.04843194854094,0.137504291954614,0.119892904807718,0.302702702702703,0.157147762233845,0.159459459459459,0.987835959957964,0.0324372361697401,0.116506099587161,0.197183098591549,0.741262739097332,0.829137632888101,0.100806451612903,0.172727066248407,0.0921211019991505,0.669749029218919,0.129375959425278,1.04428438981627,0.305343511450382,0.0166629637858254,0.353099730458221,1.14609459545483,0.860956076193642,0.126666515248832,0.0508775827593868,0.171372344160184,0.0686514107976005,0.0826380473815909,0.759948320413437,0.140845070422535,0.0642079537880471,0.0855065736014063,1.14432150721046,0.821905480412935,0.0293268162630527,0.312,0.139536375086949,0.981389056664053,0.915035199014963,0.0822039546767385,0,0,0,0,0,1,0,0,0,0,0
"173","Rodent",0.00956651718983558,0.167296348348075,1.16602947950253,0.132920386358744,0.833259259626688,0.0469357249626308,0.194797117939539,1.01485981191378,1.23697912412875,1.15203436157751,0.809319148543325,0.103127885967991,0.148962501953765,0.201530612244898,0.153545963552343,0.142857142857143,1.31435278266461,0.0295964125560538,0.0847940395736818,0.141025641025641,0.5029523295405,1.2053266996533,0.0352941176470588,0.130628655559456,0.100836155168703,0.224973759685139,0.0779188471758157,1.06997170451627,0.203821656050955,0.0263079222720478,0.357798165137615,0.787408158897986,0.297811259716785,0.185630194742385,0.0657698056801196,0.15812942515092,0.0400597907324365,0.155837694351631,0.73111060537096,0.185897435897436,0.077727952167414,0.0298480316284349,1.20331048682659,0.714934800449862,0.0269058295964126,0.248730964467005,0.0687519239786609,0.904009918301392,0.842855826807923,0.117189835575486,0,0,0,0,0,0,0,0,0,1,0
"174","Artiodactyl",0.0169230769230769,0.102754163645418,1.22338931388955,0.125918397068373,1.0405674744559,0.0758974358974359,0.117603031224235,0.960337057563248,0.758593265124853,0.936815566835871,0.876289236223075,0.144330992866107,0.187095731493102,0.241558441558442,0.143737038162954,0.223376623376623,0.909030100334448,0.0333333333333333,0.117009076521083,0.23469387755102,0.975834716841911,0.928928460579894,0.00478468899521531,0.223326968385417,0.129482125287289,0.21127411181724,0.110475574786403,1.07960588051298,0.260135135135135,0.0230769230769231,0.379446640316206,0.970386908928021,0.337412304041035,0.155022177522856,0.0684615384615385,0.17343477332059,0.0458974358974359,0.048110330955369,0.614109695071462,0.255102040816326,0.0735897435897436,0.0238024718073842,1.11697769685935,0.775419101123595,0.018974358974359,0.628440366972477,0.122354668849457,0.923647781492731,0.82929452080838,0.0987179487179487,1,0,0,0,0,0,0,0,0,0,0
"175","Insect",0.0227708022983614,0.146758923345686,0.835780630427779,0.108840349849672,0.988234558888794,0.0783145350074484,0.172740168148511,1.15186342373785,1.02503046208417,0.9307003382485,0.911060738223434,0.127799636597679,0.207849958422598,0.186567164179104,0.147461119151168,0.124378109452736,1.10399896941229,0.0291551393913599,0.123586461764788,0.195530726256983,0.566598192740677,0.723809887648519,0.160377358490566,0.131310615625088,0.0983074127674452,0.75948213765394,0.109542545655153,0.910484938654756,0.372282608695652,0.0319216854649925,0.180327868852459,0.952286653835404,0.915532201969315,0.148865510762131,0.0466056607788891,0.137630377874423,0.0485209619067887,0.115862307904489,0.748621410638549,0.162011173184358,0.0391572675037242,0.121002800096469,1.23355986884564,0.736820394151472,0.0225579910619281,0.242424242424242,0.0709217763536569,1.01089452816456,0.80600571421124,0.08555011704618,0,0,0,0,0.740432612312812,0,0,0,0,0,0.259567387687188
"176","Primate",0.0240052614271621,0.117506546520795,0.862461059190031,0.154845075321796,1.09679987594683,0.0710292666885893,0.209754676499738,1.05269599590369,0.806906312808804,0.772819565334042,0.9836606753119,0.110917394379442,0.200969140311267,0.0901639344262295,0.137274002944854,0.110655737704918,0.892090225721659,0.0443932916803683,0.0955427060496187,0.0730337078651685,0.596605258583669,0.917878588717616,0.0340136054421769,0.173514339722296,0.135077618897737,0.325198132151472,0.0966408980731775,1.41048237476809,0.222222222222222,0.0249917790200592,0.356687898089172,0.956237364778732,0.312396172474383,0.191085412099237,0.0707004274909569,0.17900529984009,0.0476816836566919,0.0362403367774416,0.990645745322873,0.224719101123595,0.0680697139098981,0.0253054965490381,1.28349889145816,0.639948569064155,0.0124958895100296,0.436842105263158,0.0988372821202952,0.955141613683007,0.657980022447955,0.0802367642222953,0,0.233184471202753,0,0,0,0,0,0.766815528797247,0,0,0
"177","Insect",0.0160844433274692,0.140806072672934,1.10558081249193,0.206311506481647,1.07724984647128,0.0595627041970344,0.129786466985487,0.911061351281351,1.16119596653517,1.26062453512419,0.702893286762636,0.145703675200689,0.145703675200689,0.197943444730077,0.142030473304873,0.167095115681234,1.21183731145189,0.0361899974868057,0.0740762382322829,0.134969325153374,0.72624310282868,0.919828592187194,0.143518518518519,0.151213478044412,0.0985642508710541,0.507389989373586,0.0820348423398835,1.05546951234297,0.354430379746835,0.0278964563960794,0.394444444444444,0.744009359418,0.574354931081505,0.184884495422723,0.0560442322191505,0.159784282467982,0.0540336768032169,0.126725465405641,0.548180097180991,0.110429447852761,0.0474993717014325,0.0625608244941188,1.06511557537159,0.94000456846079,0.0143252073385273,0.317164179104478,0.0991764511870233,1.13027961573979,0.727118874971404,0.0977632570997738,0,0,0.748295720321762,0,0.251704279678238,0,0,0,0,0,0
"178","Primate",0.0266400266400266,0.135511513037455,0.818408302832468,0.134391583177641,1.02920187563631,0.0712620712620713,0.200467444906648,1.04336054355145,0.819712290911252,0.766432609938862,0.946379881133753,0.124312214439318,0.235185270560872,0.140495867768595,0.136631442897268,0.169421487603306,0.90348438556802,0.0412920412920413,0.099673757523417,0.0793650793650794,0.600443183223625,0.842693878142946,0.0709219858156028,0.17694891785056,0.157910110233728,0.314123056980649,0.0940741082243486,1.42342519560984,0.219626168224299,0.0306360306360306,0.375,0.964542563199405,0.33764073884199,0.184788426869256,0.0669330669330669,0.180308707430002,0.043956043956044,0.051516773551429,0.872854233343032,0.211640211640212,0.0695970695970696,0.0258063986941363,1.18547288477513,0.782141400944125,0.0153180153180153,0.45859872611465,0.10975312626174,0.978367270331279,0.668037821922164,0.0805860805860806,0,0.236237287038801,0,0,0,0,0,0.763762712961199,0,0,0
"179","Artiodactyl",0.0128845648172495,0.161504215400201,1.29290951226265,0.174599151784001,0.942859976289324,0.0610044701551407,0.213883960935401,0.912790408396829,1.154098271497,1.10868919850459,0.976738420017978,0.0785696183028003,0.1222194062488,0.190883190883191,0.200789024551601,0.185185185185185,1.18418068067195,0.0302392847751775,0.1003945122758,0.16374269005848,0.569696364747435,1.19526012802508,0.053921568627451,0.1178544274542,0.0654746819190002,0.202550228884203,0.152774257811001,1.22843945090065,0.297413793103448,0.0326058374967131,0.36144578313253,1.07507429177,0.221671130784222,0.170234172989401,0.0652116749934262,0.0742046395082003,0.0439127004996056,0.174599151784001,0.716343499184316,0.108187134502924,0.0602156192479621,0.0612236075434439,1.16343217122411,0.694128502388979,0.0286615829608204,0.36405529953917,0.0567447243298002,0.990158064567587,0.675646559578528,0.0922955561398896,0,0,0,0,0,0,0,0.504583956539597,0,0.495416043460403,0
"180","Neoaves",0.0217198581560284,0.0930161213660009,0.919670817857403,0.12595933101646,0.99603187632031,0.0704787234042553,0.190876832386481,1.19664800215203,0.865172738579156,1.11918644863535,0.934587692532256,0.0891404496424176,0.236415975138586,0.289099526066351,0.136617428256314,0.0663507109004739,0.876821507167073,0.0372340425531915,0.12111474136198,0.0819672131147541,0.544695376239072,0.996448043557893,0.0434782608695652,0.12111474136198,0.146306607565272,0.375095967535554,0.080420188264355,0.971201367470551,0.232704402515723,0.0212765957446809,0.194285714285714,1.05421708770519,0.373835077012902,0.173436309630356,0.0527482269503546,0.0881715317115217,0.0660460992907801,0.0920472034351051,0.638709962945231,0.0983606557377049,0.0492021276595745,0.0378582332476132,1.12353584065775,0.475493308732793,0.0115248226950355,0.198473282442748,0.0765445165407716,0.962005006991086,0.539843010945751,0.0935283687943262,0,1,0,0,0,0,0,0,0,0,0
"181","Primate",0.0113981762917933,0.159797191233184,1.385466850195,0.110628824699897,0.950471301594057,0.0595238095238095,0.200770830010924,0.939266658164878,1.122822693426,1.09767657608963,0.948922673731783,0.102434096944349,0.192576102255376,0.194610778443114,0.131115644088767,0.197604790419162,1.23925887533409,0.0319148936170213,0.0983367330665749,0.175287356321839,0.543019419923246,1.16201089953743,0.0340425531914894,0.188478738377602,0.127018280210993,0.129846688975514,0.139310371844315,1.22109117312857,0.25531914893617,0.0321681864235056,0.431034482758621,1.04688892986508,0.196639869651643,0.151602463477636,0.0683890577507599,0.131115644088767,0.0344478216818642,0.118823552455445,0.69708892488107,0.146551724137931,0.0623100303951368,0.0164200043652546,1.18273397430916,0.566425531914894,0.0263424518743668,0.351351351351351,0.0491683665332875,0.928305400475222,0.675550423402618,0.0845997973657548,0.502989663643527,0,0,0,0,0,0,0,0,0.497010336356473,0
"182","Fish",0.00934215648112106,0.151498967549618,1.18725862890757,0.0923040067189728,1.09312826359971,0.0541066562864928,0.0973205288232648,0.947196285521123,1.17601684229949,0.79058605416274,0.905303283783119,0.143472532182751,0.104343659769274,0.117154811715481,0.229756712376574,0.158995815899582,1.34649961914608,0.0408719346049046,0.0892940934563976,0.130252100840336,0.543801497164979,0.979510552681284,0.0862068965517241,0.140462618920176,0.07524783156438,0.351681882849043,0.120396530503008,1.08038632230827,0.23021582733813,0.020241339042429,0.335164835164835,1.04518540884108,0.563348532523636,0.103340355348415,0.0346438302841573,0.208687319538547,0.0743479953289218,0.204674101855114,0.563138532263747,0.113445378151261,0.0447644998053717,0.0713673904597066,1.08240196640784,0.615803190191328,0.0194628260023355,0.194029850746269,0.110363486294424,0.85742359333292,0.64460433608476,0.0930323082911639,0.496855972884683,0,0,0,0,0,0,0,0,0,0.503144027115317
"183","Pterobat",0.0119709277469004,0.149045372417738,1.1138211930203,0.129304263488236,0.992219510142244,0.0675502351432236,0.151019483310688,1.03355748974713,1.03896298269291,1.0042933316385,0.905788262755378,0.139174817952987,0.164838259561339,0.154228855721393,0.197411089295017,0.0597014925373134,1.25307049603523,0.0367678495083369,0.120420764469961,0.1125,0.487767498055312,1.00825739759659,0.0660377358490566,0.139174817952987,0.124368986255861,0.422415661345084,0.0967314337545585,1.05834756570922,0.139240506329114,0.0294997862334331,0.290697674418605,0.990142310192878,0.58132679549972,0.162864148668389,0.049593843522873,0.165825315007815,0.0572894399315947,0.150032427864213,0.614575062324594,0.0875,0.0542967079948696,0.0751560391616515,1.23538561808117,0.679052180534794,0.016673792218897,0.177777777777778,0.102653766433409,0.987289207585385,0.690485474526489,0.085934159897392,0,0,0,0,0,0,0,0.249356840631473,0,0,0.750643159368527
"184","Rodent",0.0198973042362003,0.1128489053401,0.797164560735128,0.135635703533774,1.14783779437017,0.0699614890885751,0.182294385549393,1.1071697956654,0.828215537572167,0.7450943651562,1.04339608665998,0.152997073586098,0.179039128664582,0.0416666666666667,0.129125189764153,0.1,0.77368175065516,0.058408215661104,0.0531691957852396,0.0864197530864197,0.501553620916496,0.736216172871091,0.140350877192982,0.173613700523231,0.125869932879343,0.34321556323132,0.088977021518156,1.52435517798622,0.284403669724771,0.0154043645699615,0.514285714285714,1.1174460198229,0.45249320084744,0.154082159214368,0.058408215661104,0.16601810112534,0.0500641848523748,0.0596797095548608,0.86154272069765,0.234567901234568,0.076379974326059,0.0271777038913972,1.37084001863258,0.618023478184118,0.00834403080872914,0.344827586206897,0.1128489053401,0.91627259729448,0.490268731591214,0.0770218228498075,0,0,0,0,0,0,0,1,0,0,0
"185","Vespbat",0.0134228187919463,0.118014446666143,0.781961583986687,0.170884918772574,0.914396005952328,0.0671140939597315,0.236028893332285,1.17091108485841,0.758251161848251,1.03415414144268,1.15573510423574,0.0887468638929392,0.170884918772574,0.121693121693122,0.138784989279384,0.0211640211640212,0.654467174200345,0.039010067114094,0.107629175359522,0.0592105263157895,0.399514157051025,0.926989570704195,0.0865384615384615,0.154834954025979,0.10951740650618,0.433340065561545,0.081193939306306,1.25600380556179,0.18125,0.0251677852348993,0.244791666666667,1.27085307688722,0.450069920399496,0.195431923679132,0.0549496644295302,0.0981880196262306,0.0641778523489933,0.0736410147196729,0.890364341398392,0.105263157894737,0.0532718120805369,0.0435102657281205,1.24051143457607,0.39871773908348,0.0255872483221476,0.15625,0.0708086679996855,1.02826412116281,0.517992751940309,0.0792785234899329,0,0,0,0,0,0,0,0.247554630593132,0.239140775977404,0,0.513304593429463
"186","Vespbat",0.0139064475347661,0.142142683335329,0.827931880613061,0.182480471849409,1.00488703733376,0.0670037926675095,0.196886824890152,1.04053780547394,0.816521511673589,0.893017395045793,1.0475905908367,0.105646588965447,0.190163860137805,0.121693121693122,0.146944801015577,0.0634920634920635,0.708034229438454,0.034134007585335,0.0941215065328532,0.0387096774193548,0.510616522146912,0.876080045249751,0.0404040404040404,0.168074118808666,0.115250824325943,0.345564183648505,0.0710713416676647,1.40157425167071,0.257861635220126,0.0265486725663717,0.335294117647059,1.17491822440492,0.36558146718348,0.177678354169162,0.0509903076274758,0.111409130181745,0.0615254951538137,0.0701109181316151,0.813579331083938,0.12258064516129,0.0581542351453856,0.0230931288382336,1.15908475705847,0.489129167899441,0.0278128950695322,0.310077519379845,0.0787547299560608,1.04729977803481,0.652794440789332,0.079646017699115,0,0,0,0,0,0,0,0.241128483257422,0.248628135354804,0,0.510243381387774
"187","Vespbat",0.0164544564152791,0.144129215406196,0.970156367355821,0.116882870575984,1.17538515582146,0.0591576885406464,0.120831616203551,1.02197641340462,1.09906759883899,0.921536597895066,0.849116768238594,0.192698786625271,0.115698246887714,0.127731092436975,0.197832155941108,0.147899159663866,1.04760890583359,0.0460333006856024,0.0900314003085282,0.143222506393862,0.653664046983571,0.907707991445275,0.238434163701068,0.164662692669545,0.0694979230451797,0.521598648433314,0.108195630195337,1.21354309456595,0.327814569536424,0.0180215475024486,0.353312302839117,0.896321143156165,0.518765126157603,0.129913731146955,0.0546523016650343,0.22034000601824,0.0593535749265426,0.128334232895928,0.69069530016139,0.163682864450128,0.0483839373163565,0.0593415873987098,1.21369605077933,0.813769167848045,0.0197845249755142,0.23972602739726,0.100693013502959,0.990416155413058,0.68706851578233,0.116552399608227,0,0,0,0,0,0,0,0,1,0,0
"188","Artiodactyl",0.00848267622461171,0.126722032384984,0.878129738037323,0.108322111991848,0.850029056482417,0.0493428912783751,0.193199164127927,0.995025964426783,0.834383567200764,0.616690119844799,1.10996774080391,0.150167092240754,0.134438128033718,0.115960099750623,0.139483267496352,0.113466334164589,0.792149699968418,0.0439665471923536,0.0827996417691114,0.0854870775347912,0.628842254997748,0.893096722214424,0.0815047021943574,0.120193028374516,0.0991221517952803,0.478507988964459,0.104464064167481,1.15683117079889,0.217917675544794,0.0181600955794504,0.326656394453005,1.21299202578894,0.565277234304308,0.155212231703388,0.0403823178016726,0.172425060458257,0.0510155316606929,0.117225299278849,0.816706262768804,0.163021868787276,0.0493428912783751,0.0558973020090757,1.12529732835392,0.503792805164994,0.0248506571087216,0.250501002004008,0.159663825346889,0.875778446878152,0.557253217211411,0.0958183990442055,0,0,0,0,0,1,0,0,0,0,0
"189","Neoaves",0.00801225403558383,0.133644663504935,0.830053842388644,0.114793732021081,0.913576724754413,0.0512548603746907,0.192729672633433,0.993968617282421,0.796899062553341,0.481452949520627,1.14880614919922,0.141522664722068,0.137583664113502,0.0764635603345281,0.120702232933931,0.124253285543608,0.719709979011639,0.0448921880523153,0.0618985809917595,0.0743362831858407,0.696381818458142,0.762744851232658,0.0786885245901639,0.111136088598841,0.108322516735579,0.456000294984215,0.0998818011457937,1.27979614035574,0.195402298850575,0.0188523624366678,0.332242225859247,1.26219689493997,0.443224517770634,0.14067859316309,0.0338164251207729,0.175848241453862,0.0485448332744197,0.0883461565064203,0.895264259885239,0.145132743362832,0.0512548603746907,0.0304432146785317,1.04113777757624,0.567409139189393,0.0259219983504183,0.375925925925926,0.149400665939201,0.92706322562241,0.506835233167142,0.0986214209968187,0.250662743316632,0,0,0,0,0.749337256683368,0,0,0,0,0
"190","Neoaves",0.00900367255064566,0.138815152173301,0.99537191072261,0.0989458107734224,0.868625697318202,0.0517711171662125,0.185959920835932,1.00408210528149,0.868784274811102,0.6199162563962,1.08605891514174,0.156567194694415,0.1329948103631,0.126114649681529,0.157731263056456,0.107006369426752,0.863902330831664,0.043122852742566,0.0849769904289392,0.0754352030947776,0.61629058463628,0.870677659781364,0.0894039735099338,0.121936160923718,0.0969086911398519,0.458565703967393,0.0983637765924022,1.11259395494059,0.265446224256293,0.0171780594716266,0.28335832083958,1.20630608668995,0.572883974554706,0.155112109241865,0.041582750858903,0.183922801202362,0.0509418315365478,0.129502605276979,0.747506221033857,0.143133462282398,0.0504679540338822,0.0594781435072075,1.14145216649892,0.515103139606472,0.0255893851439403,0.200396825396825,0.158895331418496,0.868101556242293,0.6063367433277,0.0929984598981163,0.281865899829848,0,0,0,0,0.718134100170152,0,0,0,0,0
"191","Neoaves",0.00919269298762522,0.136947439259249,1.11413735940866,0.111233679567112,0.804426426984915,0.0511490866234531,0.185485772161262,0.962170885386266,0.876882077972998,0.732581391602925,1.16713161624782,0.120479076310352,0.135502846018118,0.11787072243346,0.156882825986861,0.119138149556401,0.882006463662076,0.0421921037124337,0.112967191456469,0.101083032490975,0.706601723364052,1.02597144966747,0.0567823343848581,0.108922330381302,0.0990990963416086,0.548808886991498,0.110655842270659,1.00637172718841,0.145161290322581,0.0169711255156158,0.220338983050847,1.25800526183141,0.665061282575129,0.136947439259249,0.0362993517972893,0.139258788445059,0.0519740718915734,0.159194175172672,0.855291842457686,0.111913357400722,0.0456098998232174,0.0709170074721154,1.08884605344313,0.566044048806345,0.026163818503241,0.256728778467909,0.145614998706037,0.98187715250708,0.539230123168853,0.0929876252209782,0.250090496432999,0,0,0,0,0.749909503567001,0,0,0,0,0
"192","Neoaves",0.00991852639036486,0.139474961435979,1.01247514380391,0.104399080045149,0.990364275206726,0.0503010981225646,0.150246295091431,0.950009007315859,0.827114988139741,0.514380315202176,1.08765558174634,0.168474705892965,0.11958942237976,0.0697368421052632,0.106056208299834,0.173684210526316,0.829494150781162,0.0415633486834337,0.0557899845743916,0.0684684684684685,0.754323870033136,0.66907482502918,0.0843881856540084,0.130360756035212,0.0886563616256422,0.374615900106599,0.0966658148566192,1.32571771139727,0.255868544600939,0.021135907427087,0.449908925318761,1.23835911083273,0.409098137567581,0.135608328841714,0.0373125516589916,0.225921818722041,0.0427441256346676,0.0806469083946651,0.771430069300454,0.158558558558559,0.0586846144763254,0.0240731469560245,1.02424171169688,0.555027428299664,0.0256228598417759,0.400375939849624,0.163227133086463,0.889964007855105,0.630096036453814,0.0897390482937773,0,0,0,0.246511523980829,0,0.753488476019171,0,0,0,0,0
"193","Galloanserae",0.00954850878227042,0.122348979894594,0.822683228281925,0.110169443434499,0.918023932832558,0.0550512790286455,0.203176812766136,0.968136888766492,0.780695650875294,0.466504558288104,1.1752002838028,0.114044750489984,0.145600822227504,0.071072319201995,0.091069715803895,0.113466334164589,0.709648134452259,0.0383119179535542,0.0728004111137519,0.0645724258289703,0.747687213939941,0.75452542533303,0.0641891891891892,0.108231789906757,0.132314055180127,0.534296788336273,0.097436291680763,1.33517669362648,0.109207708779443,0.0186254862666509,0.303839732888147,1.26608436663065,0.523786051773097,0.139787861644276,0.0344217847459625,0.149752936929809,0.045974301544265,0.0822118711056438,1.00615263583669,0.174520069808028,0.048449840858187,0.0363293913182412,0.987648532434132,0.553577217816544,0.0265236355063067,0.454724409448819,0.135082131648331,0.965011921229395,0.635985695439137,0.0945420252269244,0,0,0,0,0,1,0,0,0,0,0
"194","Neoaves",0.00799811808986121,0.113699565132281,0.43337656921025,0.127489214908049,0.941437701558721,0.0519877675840979,0.208926203206456,0.947749715991391,0.725257355884252,0.515000054917596,1.21741347948446,0.105894102995053,0.126448486623086,0.018641810918775,0.0684278847363612,0.0732356857523302,0.569150322440615,0.0392848741472595,0.0496947756070152,0.0374331550802139,0.66889020000765,0.774578215683628,0.0491228070175439,0.109016287849944,0.112138472704835,0.465662651834699,0.0811768062271661,1.53614047599182,0.14027149321267,0.0184662432368854,0.346760070052539,1.34024754834777,0.412328681154435,0.1417992288263,0.0341096212655846,0.123326301768195,0.0435191719595389,0.0546382349605926,1.13193262136924,0.158645276292335,0.0521053869677723,0.0258060362970453,0.98912911542828,0.562418042524459,0.0268172194777699,0.439285714285714,0.129570671477977,0.972186866367961,0.49192366100111,0.0883321571394966,0.247550462573591,0,0,0,0,0.752449537426409,0,0,0,0,0
"195","Insect",0.0258392675483215,0.176767176932037,0.851678387058008,0.155107957624159,0.998840897071846,0.088911495422177,0.17467112345063,1.00149905582415,1.01363054180648,1.08806798793029,0.902031123859854,0.128557946859663,0.255019840237919,0.177615571776156,0.137640845279096,0.126520681265207,1.1034943674263,0.0213631739572736,0.115282941477415,0.133333333333333,0.480110740305315,0.737996749519958,0.112627986348123,0.153011904142751,0.116680310465021,0.54114526384805,0.102007936095168,1.06522628557898,0.450800915331808,0.0449643947100712,0.29973474801061,1.01508948185876,0.644981731701098,0.178863230413445,0.0486266531027467,0.144627690217121,0.0421159715157681,0.0929250376757349,0.657306211022302,0.194444444444444,0.0551373346897253,0.0559989436154538,1.12857746084347,0.814063059481946,0.0203458799593082,0.33969465648855,0.0712658183678569,1.07249472668141,0.757838142054888,0.0836215666327569,0,0,0,0,0,0.75704770873521,0,0,0,0.24295229126479,0
"196","Pterobat",0.021285140562249,0.115471094412429,0.901009819625322,0.0785582035756686,0.991413460958395,0.0983935742971888,0.135347266401453,1.05404309317579,0.858241337154264,0.769627963974254,1.01094083119556,0.104113281847272,0.212958985596692,0.235897435897436,0.208226563694543,0.0820512820512821,1.09610427379804,0.0317269076305221,0.22147734502056,0.1875,0.566718762815197,0.776974560428147,0.0769230769230769,0.0861300786191066,0.141026172684032,0.635530583668622,0.100327344325553,1.03581275376679,0.0775510204081633,0.0261044176706827,0.232931726907631,1.02391038479945,0.790211392069892,0.112631641271139,0.0381526104417671,0.116417578792858,0.0714859437751004,0.119257031934148,0.839438592987481,0.0763888888888889,0.0240963855421687,0.0730151394522573,1.26336841869778,0.578659418820061,0.0152610441767068,0.144230769230769,0.0634144534887928,1.01117446851847,1.02391190202506,0.0783132530120482,0,0,0,0.503772334112002,0,0,0,0.496227665887998,0,0,0
"197","Rodent",0.0110813909056171,0.124890905364204,0.829190519939502,0.181389172076582,1.0467756485148,0.0651509361864731,0.136785277303652,0.89165392888257,1.12029043670517,0.98327035544615,0.872392202099551,0.120430515886911,0.122908510040963,0.161425576519916,0.153635637551204,0.171907756813417,1.12955190987278,0.0427970959113489,0.0802870105912742,0.130982367758186,0.655477249152145,1.05483642875358,0.089171974522293,0.153635637551204,0.110022940439894,0.392004908814,0.115970126409618,1.2103655444287,0.272727272727273,0.026939243408483,0.424778761061947,0.927063741697564,0.449827229207581,0.172963991952807,0.0542606037447459,0.126873300687446,0.0567443637753152,0.113987731086377,0.707912616571782,0.221662468513854,0.0435613297669087,0.0427009430876934,1.02070764458152,0.730934452965058,0.019296904852885,0.262162162162162,0.100110963823688,1.12608869226704,0.604636718971475,0.0911348872755063,0.498546756852099,0.250214727219743,0,0,0,0,0,0.251238515928158,0,0,0
"198","Plant",0.00663544106167057,0.138230931688184,0.963916462432587,0.10432523146278,0.948695141656118,0.0487900078064012,0.193001678206143,1.06679364683752,1.150816206841,0.977694365303754,1.0707398610435,0.114757754609058,0.0860683159567937,0.155378486055777,0.0834601851702242,0.131474103585657,1.29220249600572,0.0277127244340359,0.0312975694388341,0.16632860040568,0.61080499573957,0.883330444318968,0.05,0.169528501127018,0.0991089698896412,0.162628555732394,0.130406539328475,1.03408495965048,0.336,0.0308352849336456,0.393782383419689,1.15614118711575,0.285925008934267,0.148663454834462,0.0688914910226386,0.135622800901614,0.0302498048399688,0.0938927083165022,0.851686021724294,0.133874239350913,0.0913348946135831,0.0235169295187809,1.08141326105254,0.711147211480667,0.0255659640905543,0.458791208791209,0.0443382233716816,0.941108686105414,0.571484523536739,0.0979703356752537,0,0,0,0,0,0,1,0,0,0,0
"199","Plant",0.0143715704206951,0.150703301952709,0.852994246389439,0.194613256838211,0.923503339710007,0.0519989547948785,0.152871694786561,0.989038256689878,1.25044071756362,1.21062947162109,0.808844943356757,0.132271962864968,0.113840623777226,0.22,0.0883620079794662,0.0628571428571429,1.29416888297872,0.0263914293180037,0.0536677226378353,0.111764705882353,0.622409893384554,0.885321317905898,0.09375,0.167508346415062,0.0764358473932806,0.454361382419234,0.0780621420186695,0.951748156241464,0.371859296482412,0.0407629997386987,0.272222222222222,0.875623591284748,0.628209596205124,0.183229194460488,0.0621897047295532,0.164255757164284,0.0405016984583225,0.0796884366440585,0.634383593118834,0.135294117647059,0.0747321661876143,0.0548539729874855,1.0201877440301,0.952366211387493,0.0198588973085968,0.466135458167331,0.0748095527678916,1.11716841768032,0.7629242647861,0.0914554481316958,0,0.236186734425156,0,0,0.307347383255397,0,0.456465882319447,0,0,0,0
"200","Vespbat",0.0144251166737378,0.137871179573669,0.648332629141042,0.112090389897292,0.974502676890683,0.0729741196436148,0.217455356400746,0.991450286555251,0.841522620168145,1.02893390191898,1.07225326511687,0.0717378495342666,0.163651969250046,0.208163265306122,0.1614101614521,0.0857142857142857,0.818978881885897,0.0398812049215104,0.154684738058262,0.13953488372093,0.535963412213524,1.01575368703314,0.0789473684210526,0.0818259846250228,0.141233891270587,0.648612189891027,0.0975186392106436,1.21747305676534,0.0697674418604651,0.0161221892235893,0.174129353233831,1.10356292024113,0.684765947512495,0.182707335532585,0.0347899872719559,0.118815813291129,0.072125583368689,0.103123158705508,0.919717454229253,0.156976744186047,0.0271531607976241,0.0786095232461746,1.11736151254447,0.668175536881419,0.0284259652100127,0.2,0.0807050807260499,1.04666521188419,0.661352063213345,0.103945693678405,0.510329688598049,0,0,0.244138071741085,0,0,0,0.245532239660866,0,0,0
"201","Insect",0.010454878943507,0.12370871786743,1.25486691269117,0.0559944722978895,0.771604620301937,0.0497065297138665,0.0657609500242656,0.999266812140229,1.03961249233554,0.906416389713928,0.992343553242673,0.169936712438944,0.0865961025072012,0.197424892703863,0.173843303529494,0.180257510729614,1.29265204983463,0.0326485693323551,0.103524663899586,0.160804020100503,0.854921283957372,0.75327712860317,0.142857142857143,0.128266407473072,0.0755274277506417,0.729910506950355,0.116546634201421,0.811354572564288,0.280442804428044,0.0183418928833456,0.290870488322718,1.11359797697559,1.0733160306774,0.0651098515091739,0.0473220836390316,0.180354288680412,0.0719002201027146,0.143241673320182,0.638631118500645,0.105527638190955,0.0497065297138665,0.110893060295533,1.14028109300394,0.920019955514158,0.0253118121790169,0.249084249084249,0.136730688169265,0.881633342634161,0.872360652476547,0.0854732208363903,0,0,0,0,0,0.762204079842712,0,0,0,0.237795920157288,0
"202","Rodent",0.0248999555357937,0.0800971848118363,1.7316599835916,0.110819392684869,0.953900003121001,0.0689195197865718,0.117402722943377,1.1704737144022,0.911886109372869,1.26454370909042,0.991564664422292,0.1393471571384,0.207374903142973,0.224390243902439,0.161291591333424,0.0878048780487805,0.963029680441414,0.0453534904401956,0.190916577496706,0.150442477876106,0.619572061808691,1.00762763427181,0.0151515151515152,0.116305501233625,0.116305501233625,0.563138507422823,0.113013836104372,0.964769634333951,0.12258064516129,0.0160071142730102,0.135922330097087,0.99957085067551,0.647897365957748,0.138249935428649,0.0551356158292575,0.130569383460391,0.0764784348599377,0.175555473560189,0.828721304342726,0.123893805309735,0.0466874166296132,0.0791472137749168,1.16641209012447,0.222256943901918,0.0164517563361494,0.217391304347826,0.103138840716611,0.851319609879063,0.482391455739455,0.0911516229435305,0.500308358837179,0.252218256384955,0,0,0,0,0,0,0,0.247473384777866,0
"203","Artiodactyl",0.0156570841889117,0.100165429938542,1.29483610931915,0.110961703824133,1.07511420448976,0.074435318275154,0.122957563697013,0.96054893343691,0.78610105843878,0.978573597411273,0.881061648097533,0.164343280258446,0.172140589175818,0.245382585751979,0.148148869430059,0.224274406332454,0.865223773854782,0.0318275154004107,0.109162324843201,0.237837837837838,0.933507525044711,0.910524736684195,0.0248756218905473,0.209327754781744,0.127755907646164,0.236422868093261,0.105563566881338,1.01423882286361,0.23448275862069,0.0233572895277207,0.386831275720165,0.943202810603641,0.383286705669548,0.171540796182174,0.0682751540041068,0.193133343953356,0.0423511293634497,0.0557807484088887,0.669175906773818,0.259459459459459,0.0731519507186858,0.0294446374251759,1.19089548763767,0.739196217624513,0.0192505133470226,0.579185520361991,0.121158184716081,0.879807932369968,0.765903057713106,0.0972792607802875,1,0,0,0,0,0,0,0,0,0,0
"204","Pterobat",0.0128040973111396,0.11312003213675,0.692181360224722,0.100415406497201,0.910642378189217,0.0630601792573624,0.256780029753184,1.1523839712542,0.710076583036506,0.573415454349554,1.11099635582287,0.139017922863522,0.160273738837382,0.0604982206405694,0.075983434113454,0.0557532621589561,0.683915964393647,0.0360648740930431,0.0527730603488941,0.072289156626506,0.514682037132347,0.74381639151548,0.0537974683544304,0.129245133910023,0.145614555407134,0.445615464984817,0.057903774549481,1.3097516236583,0.0879864636209814,0.0216602646180111,0.269949066213922,1.2247143988635,0.491402234306268,0.154410065465283,0.0402262057191635,0.176643160334493,0.0374519846350832,0.0554605773111063,0.896967246182895,0.260542168674699,0.0568715322236449,0.0332894162574824,1.09689803542832,0.46121297642237,0.0325437473324797,0.25601750547046,0.123870099985599,0.794770975073594,0.630337554748078,0.0899487836107554,0,0,0,0,0,0,0,0.250464032191791,0,0,0.74953596780821
"205","Primate",0.0254545454545455,0.130000761605643,0.760792612543286,0.141017775301037,1.09176023156072,0.0704545454545455,0.198306246517083,1.03430758828709,0.868570193600923,0.762506200993291,0.945350675098442,0.138814372561958,0.207119857473398,0.0903954802259887,0.146526282148733,0.0903954802259887,0.900848656294201,0.0468181818181818,0.0936446164108446,0.0714285714285714,0.578756689995883,0.812880140462132,0.0648148148148148,0.159746698583206,0.134407567083801,0.335971900531956,0.0936446164108446,1.49085513738694,0.245161290322581,0.025,0.375,0.971168774975184,0.353631178462751,0.185085830082611,0.0618181818181818,0.187289232821689,0.0522727272727273,0.047373158890192,0.860829922189033,0.19047619047619,0.0672727272727273,0.0242826070863374,1.2542693877551,0.622620492400139,0.0109090909090909,0.421875,0.0815259013459118,0.960502462757221,0.686011093847343,0.0804545454545455,0.234378197510564,0,0,0,0,0,0,0.765621802489436,0,0,0
"206","Primate",0.0289179104477612,0.132497521245404,0.708297175022683,0.156077588585688,1.09620529364956,0.0736940298507463,0.211097745713017,1.0752766267815,0.833151367909426,0.763603129667194,1.07398808305067,0.139234683342628,0.220080628509316,0.107344632768362,0.131374660895867,0.146892655367232,0.802681986678678,0.0447761194029851,0.111163174604195,0.121951219512195,0.564045093386915,0.865088690740931,0.04,0.184149097324121,0.14260326439124,0.323071771403058,0.0976888504097474,1.40243413639765,0.208860759493671,0.0237873134328358,0.376811594202899,1.11793089152169,0.386498896129699,0.186394818023196,0.0625,0.183026236974584,0.0466417910447761,0.0471601346805677,0.965450670236564,0.178861788617886,0.0708955223880597,0.0359985051676513,1.24496773854788,0.711478010308744,0.0149253731343284,0.357142857142857,0.102180291807897,0.972346603860965,0.679076599058991,0.0825559701492537,0.237332547364789,0,0,0,0,0,0,0.762667452635211,0,0,0
"207","Primate",0.0205078125,0.145867575893434,0.605374134812462,0.142309830139935,1.13775550160545,0.06689453125,0.196861931693577,1.03574379920665,0.822757373328552,0.598980444813038,0.981579558025563,0.130450677628274,0.188560524935414,0.0944444444444444,0.134008423381772,0.111111111111111,0.759451567132983,0.0341796875,0.0747126608234661,0.0451127819548872,0.600760194896241,0.710077928939374,0.109090909090909,0.124521101372443,0.13163659287944,0.445769625265367,0.0687830845676354,1.4433186397623,0.226277372262774,0.02587890625,0.42741935483871,1.1052644133292,0.403221478193074,0.175515457172587,0.0625,0.173143626670255,0.0498046875,0.0569239320559741,0.755748958304462,0.263157894736842,0.052734375,0.0297031429564371,1.17036671290115,0.696260730160262,0.015625,0.424528301886793,0.115033779363114,0.985363757189084,0.648741353543715,0.087890625,0,0.242651351857496,0,0,0,0,0,0.51768999996328,0,0.239658648179224,0
"208","Artiodactyl",0.0225389459728207,0.105243272715542,1.17584339705104,0.119433376901907,1.00025328500453,0.0662910175671197,0.204574002020098,1.15504879479673,0.927558517615684,0.872583310442854,0.915445669729394,0.117068359537512,0.202208984655703,0.115254237288136,0.134805989770469,0.0949152542372881,0.95622766967656,0.0364600596619158,0.124163411630695,0.0330188679245283,0.511886269065871,0.874464411135325,0.050314465408805,0.156091146050017,0.15490863736782,0.514393677725419,0.0946006945757677,1.09062303513056,0.115,0.0218760357971495,0.298507462686567,0.915142240604525,0.534508582761389,0.186836371787141,0.0596619158104077,0.120615885584104,0.0573417301955585,0.114703342173118,0.832303652164496,0.0424528301886792,0.0586675505469009,0.049757937586167,1.19365719636586,0.509149912757421,0.00928074245939675,0.25,0.102878255351147,0.833579522885859,0.545571242525468,0.0977792509115015,0,0.251192047422507,0,0,0,0,0,0.748807952577493,0,0,0
"209","Galloanserae",0.011376066506235,0.140247563016367,0.952123567715354,0.141263849704891,1.05814539692991,0.0557864799824984,0.151934859934397,0.940200894267932,1.08120776014646,1.0851822503962,0.897170057443283,0.130084696131123,0.131609126163909,0.16504854368932,0.164638443540952,0.159223300970874,1.15870715645827,0.0511922992780573,0.0909576586229336,0.111392405063291,0.688120769204863,0.965636222801211,0.145228215767635,0.142788279737678,0.104169385573751,0.482001104773469,0.103153098885226,1.25667804056155,0.262745098039216,0.0234084445416758,0.417956656346749,0.953918504426153,0.50440595433468,0.158540723409806,0.0459418070444104,0.161589583475379,0.0529424633559396,0.123478832655714,0.701745628006117,0.167088607594937,0.0420039378691752,0.0559999538596188,1.1423179584121,0.930499572401105,0.017501640778823,0.263345195729537,0.102136812196702,1.05958461668406,0.705059004287565,0.112666812513673,0,0,0,0.492487313742253,0,0,0,0,0.252338197468986,0,0.255174488788761
"210","Carnivore",0.0145197319434103,0.128138658375612,1.09951506044669,0.128138658375612,1.14091556674797,0.0688756515264334,0.130789803031659,1.13668447009679,1.16457041221806,0.879175373040588,0.921270803724439,0.160836109133527,0.164370968674923,0.141509433962264,0.141394381655848,0.14622641509434,1.26017813113996,0.0368577810871184,0.0813017694521124,0.110047846889952,0.501638069618806,0.727634936034487,0.076271186440678,0.158184964477479,0.0874877736495557,0.372869230543232,0.0919063480763009,0.971661487001987,0.318918918918919,0.0241995532390171,0.284263959390863,1.12215882715868,0.584971435783898,0.166138398445621,0.0409530900967982,0.170556972872366,0.0528667163067759,0.159952394248178,0.471262660015315,0.114832535885167,0.0539836187639613,0.0699436036148115,1.02365904480007,0.610050022737608,0.0163812360387193,0.0897435897435897,0.106929501127235,0.925132977878986,0.501227648785695,0.078927773641102,0,1,0,0,0,0,0,0,0,0,0
"211","Fish",0.0200892857142857,0.129418315968525,1.21240342364481,0.188813195277752,1.00230529843413,0.0630580357142857,0.151300639924556,0.992580883334791,1.25441963451447,1.2039716773826,0.79764585937606,0.130668734480298,0.160053569506968,0.285294117647059,0.121290595642,0.123529411764706,1.26258398711132,0.0368303571428571,0.0568940422856802,0.180212014134276,0.563874853914921,0.874340600209502,0.106951871657754,0.199441752627824,0.0656469718680925,0.361354824529895,0.0994082716859687,1.08704144637947,0.52212389380531,0.0281808035714286,0.347150259067358,0.814482302908652,0.434210096111189,0.193814869324845,0.0689174107142857,0.176934219415907,0.0479910714285714,0.0756503199622781,0.689340719018138,0.15547703180212,0.0655691964285714,0.0488572191373055,1.19986890434366,0.934965406393243,0.013671875,0.30316742081448,0.0725242736828451,1.02414483084068,0.709493906136902,0.0948660714285714,0,0,1,0,0,0,0,0,0,0,0
"212","Artiodactyl",0.0166588456123886,0.153346308327149,0.876298960714359,0.19129823747835,1.22558219623851,0.0478648521820741,0.140011846733484,0.984463482770325,1.16100064255289,0.966843098430317,0.744463352685682,0.141037574548382,0.11847156262064,0.0629370629370629,0.0974441424152454,0.116550116550117,1.1160460074164,0.0347254809948381,0.0343618817990602,0.0750750750750751,0.651701456104631,0.805507400834744,0.100558659217877,0.150269124882457,0.0676980357832231,0.313849404312033,0.0502606629299687,1.18642323012246,0.5,0.0239324260910371,0.417910447761194,0.84080642883594,0.439440173460298,0.161039266938879,0.0504458000938527,0.166167906013366,0.0382449554199906,0.0707752192279151,0.533583665391446,0.201201201201201,0.0729704364148287,0.0308291910980958,1.09822369493844,0.866221042765289,0.0222900046926326,0.325714285714286,0.100521325859937,1.07877290037872,0.490232680257559,0.100656968559362,0.501838856375026,0,0.498161143624974,0,0,0,0,0,0,0,0
"213","Rodent",0.0196684461927508,0.136034914705329,1.02513476066539,0.199780744301546,1.05931214077398,0.0598482719865131,0.16363620174699,1.01511465141874,1.24340965940986,1.16244299166612,0.811278620507429,0.109747974665652,0.155092946234095,0.150684931506849,0.104490586657717,0.117808219178082,1.25796209253983,0.0362461365552121,0.0598027885902655,0.123529411764706,0.581555340647614,0.884475902949082,0.164835164835165,0.176779671766829,0.0736034321110959,0.426511654790476,0.0782036466180394,1.16972255105736,0.464788732394366,0.0292216914863726,0.392045454545454,0.897254147855519,0.493088823892827,0.18400858027774,0.0531048047204271,0.157721640238063,0.0452374262433268,0.107776454162676,0.608842406643509,0.173529411764706,0.0651868502388311,0.0506966790064377,1.13947315040706,0.949244721973678,0.0171396459679685,0.267543859649123,0.0808323406220071,1.06866332169727,0.687558772823446,0.102556898005058,0.502288178186916,0,0.248332520850575,0,0,0,0,0,0,0,0.249379300962509
"214","Vespbat",0.0163525498891353,0.132010226189962,1.15623023956485,0.18456406031298,1.04156485768176,0.057649667405765,0.139517916778965,0.960556869150085,1.2949532625966,1.34645115056931,0.663436333481918,0.128882021777878,0.140143557661382,0.241379310344828,0.132010226189962,0.127320954907162,1.33948825475871,0.0327050997782705,0.0669435744186064,0.0974212034383954,0.634244982559021,1.13247792494481,0.0742574257425743,0.165169192958057,0.100102541186701,0.357552455889366,0.0763281876548596,0.950634113065969,0.365384615384615,0.0241130820399113,0.323353293413174,0.69897472579876,0.415992511804878,0.185189701195397,0.0562638580931264,0.145774325603134,0.0498891352549889,0.143271762073466,0.523889495839141,0.120343839541547,0.059589800443459,0.0445032995118265,1.06338367651811,0.759792636850892,0.0169068736141907,0.35,0.0706974197131077,1.01526095812461,0.808878808772732,0.104490022172949,0,0,0,0,0,0,0,0,0,0,1
"215","Vespbat",0.0163570834488495,0.1534333271241,1.32471404647497,0.173392133904471,1.09318150737721,0.0557249792070973,0.140959072886369,0.954691922601442,1.28363383757298,1.26789501780397,0.701296655801123,0.125989967801091,0.132850807631843,0.202099737532808,0.121000266105998,0.141732283464567,1.34165271360209,0.0321596894926532,0.0798352271214831,0.0951008645533141,0.619178577613871,1.10488698874713,0.121212121212121,0.176510697463904,0.0873197796641222,0.320366388853978,0.0773403762739368,1.02517598889488,0.343283582089552,0.023842528416967,0.443820224719101,0.725616179882942,0.398131955637096,0.170897283056925,0.0571111727197117,0.152809614412214,0.0482395342389798,0.148443625429008,0.57829202439917,0.118155619596542,0.0596063210424175,0.0424915184188892,1.14579298377356,0.813828317014959,0.0171887995564181,0.336134453781513,0.0654898347480916,1.00977053155094,0.808366815439035,0.105627945661214,0,0,0,0,0,0,0,0,0,0,1
"216","Vespbat",0.0163163716814159,0.150086638840962,1.26710429468855,0.171173191405395,1.04652166500481,0.0553097345132743,0.149466446118479,0.946406381650908,1.32381301495539,1.24054543331781,0.639557287325928,0.12155777360673,0.12900008627653,0.196382428940568,0.128379893554046,0.0904392764857881,1.39601066274474,0.0320796460176991,0.0626394649708149,0.0773480662983425,0.607508546157298,1.11671264993211,0.0963302752293578,0.178615504075195,0.0979904501523639,0.349941113268269,0.0812452466453144,1.00965119360943,0.35,0.0229535398230089,0.333333333333333,0.658550598985167,0.417182483399384,0.175514540462778,0.0569690265486726,0.166831842348012,0.048396017699115,0.155048180620829,0.540801524580529,0.132596685082873,0.0555862831858407,0.0422517129897021,1.12181885986909,0.792856824413187,0.0174225663716814,0.336134453781513,0.0731827412530313,0.968094551753095,0.902320121074394,0.107024336283186,0,0,0,0,0,0,0,0,0,0,1
"217","Insect",0.0235119047619048,0.13244300550081,0.963339634872742,0.140192330290751,0.900640450849702,0.0839285714285714,0.178938954240456,1.15397802018906,1.102723933853,1.11983786995004,0.892530889511887,0.149350623224317,0.241638036631797,0.304487179487179,0.136669909931687,0.102564102564103,1.24809839911032,0.0303571428571429,0.111308483346425,0.18348623853211,0.495238449866416,0.740779341556198,0.198979591836735,0.147237171008879,0.135965425859874,0.703402833324756,0.111308483346425,0.902539307528182,0.429078014184397,0.0279761904761905,0.166666666666667,0.918819951030462,0.895462025438034,0.143714750649815,0.0488095238095238,0.1373743940035,0.0413690476190476,0.12258022849543,0.708613784617832,0.114678899082569,0.0476190476190476,0.122102912698937,1.19094017293487,0.815005526649233,0.0217261904761905,0.115606936416185,0.0789022160430356,0.969720956951186,1.04062270069318,0.0928571428571429,0,0,0,0,0.761292859925048,0,0,0,0,0.238707140074952,0
"218","Rodent",0.0203710440160058,0.14331813093451,1.27467851808677,0.0780955084732958,0.962957908545493,0.0800291014914514,0.153616439744175,1.13018647605242,0.899760585588809,0.77420182174278,1.04439077195801,0.11499778170793,0.226562793812638,0.243027888446215,0.154474632144981,0.143426294820717,1.05738258836863,0.0240087304474354,0.194809674982837,0.183908045977011,0.677768267756771,0.878248396171395,0.0728476821192053,0.123579705715985,0.148467285339343,0.512326769519045,0.117572358910346,0.954900538793573,0.213636363636364,0.0218261185885777,0.224137931034483,1.20114888547527,0.645593669676703,0.120146936112763,0.0458348490360131,0.146750900537732,0.0603855947617315,0.117572358910346,0.664879643894508,0.103448275862069,0.0432884685340124,0.0765214892742665,1.1753688365651,0.654802864050586,0.0341942524554383,0.238095238095238,0.110706819703903,0.894434805633762,0.894742224791753,0.0913059294288832,0,0,0,0,0,0,0,0.51168274872122,0,0.48831725127878,0
"219","Rodent",0.0249641319942611,0.0879863546764268,1.28163036330947,0.0529193292619089,0.830889097206823,0.0938307030129125,0.137717772537016,1.08595211793702,0.862585254456826,0.791181560959889,1.06799038138723,0.0548320761027008,0.243556431060834,0.289017341040462,0.130704367454112,0.0722543352601156,1.01041988815523,0.0206599713055954,0.241643684220042,0.157894736842105,0.75173788447312,0.9287036863344,0.0594059405940594,0.0733219622303557,0.179160620754173,0.686942622445081,0.0975500888803862,0.76397361069713,0.107033639143731,0.0157819225251076,0.0754716981132075,1.15524210772367,0.850877138317225,0.0918118483580106,0.0407460545193687,0.0777850381922034,0.0628407460545194,0.142818430779128,0.798338068712998,0.0769230769230769,0.0261119081779053,0.113062412341632,1.02124603057167,0.470699496740636,0.0335724533715925,0.182692307692308,0.114127228167249,0.762143948826082,0.782059265966773,0.0992826398852224,0,0,0,0,0,0,0,0.750239519107444,0,0.249760480892556,0
"220","Vespbat",0.0118743424019239,0.124410124132025,0.773195533788666,0.104606063555907,0.88403560519178,0.070494513753194,0.25643719463948,1.06048175789089,0.705257172038877,0.556320913180984,1.1930675673472,0.105621656405964,0.180521629097694,0.0920716112531969,0.091149458292647,0.0775788576300085,0.688977597580244,0.0291597775439651,0.0748999726917294,0.0783316378433367,0.509894760506796,0.926907577461388,0.0376984126984127,0.115777584906538,0.155639604271289,0.416859101376319,0.0761694637543011,1.33077663915998,0.0959488272921109,0.0202164437096047,0.305641025641026,1.29821834428625,0.510703782028807,0.162240957796661,0.0381031113783256,0.131773172294941,0.0362994137982865,0.0619511638534982,0.998310057275708,0.282807731434384,0.0502780700435894,0.0353576332016684,1.07742307067242,0.49072968651757,0.0344205621524125,0.277504105090312,0.124664022344539,0.856596823100792,0.576915187017072,0.08815571922441,0,0,0,0,0,0,0,0.250527809686406,0.249133197736302,0,0.500338992577292
"221","Carnivore",0.0162368672397326,0.128837210695878,1.24749215392855,0.117535700985713,0.979100805578359,0.0595351798790194,0.129967361666894,1.04804055118763,0.999976955084215,0.950086505190312,0.936129527250671,0.17291309856552,0.171782947594504,0.109090909090909,0.177433702449586,0.145454545454545,1.17232689481176,0.0397962432346387,0.119796002927746,0.184971098265896,0.583714788732394,0.995850794000882,0.06,0.159351286913323,0.106234191275549,0.530247587931448,0.124316606811812,0.9611300842235,0.213903743315508,0.0229226361031519,0.32258064516129,0.958031873847156,0.635474788571624,0.159351286913323,0.0681311684177014,0.166132192739422,0.0547596306908628,0.133357814579944,0.752865064312705,0.092485549132948,0.0550780006367399,0.063406419843279,1.27733584606229,0.494562647754137,0.0140082776185928,0.236024844720497,0.116405550014697,0.928777698035346,0.730150160467469,0.087551735116205,0.265310590887228,0.480803882296355,0,0,0,0,0,0.253885526816416,0,0,0
"222","Insect",0.0189748644652538,0.157720078192999,0.833355766569893,0.182115629855945,1.1535918442982,0.054953178905865,0.16055677024683,1.0138306166926,1.23185281152809,1.04066159514791,0.755038230854699,0.129920496065456,0.126516465600859,0.0771084337349398,0.119141066260899,0.130120481927711,1.1737770597287,0.0325283390832923,0.0510604569689566,0.0790273556231003,0.650006288017686,0.785944062647917,0.193877551020408,0.157152739782233,0.0873701152579925,0.51308743854562,0.0652439172381113,1.14967911008629,0.403587443946188,0.0229176934450468,0.367875647668394,0.846594273600273,0.545424217756228,0.166797492765258,0.063085263676688,0.149210002031507,0.0453425332676195,0.0885047920795248,0.552423077880475,0.13677811550152,0.0687530803351405,0.0545660056128681,1.15870818599636,0.937510629631606,0.0123213405618531,0.301694915254237,0.089072130490291,1.08746107435496,0.632506430252413,0.102267126663381,0.500123369154674,0,0.499876630845325,0,0,0,0,0,0,0,0
"223","Fish",0.0197112715158245,0.148548939165706,1.04016677139751,0.178877680912038,0.980793740672824,0.0571904497501388,0.147929985252516,0.997134001052985,1.3031739290791,1.19711331094049,0.823087450843457,0.118839151332565,0.152262662644849,0.275568181818182,0.121933920898517,0.144886363636364,1.28610159644642,0.0427540255413659,0.0656091147981869,0.136075949367089,0.557846415325111,0.908533829710839,0.131147540983607,0.169593372214181,0.0767502852356148,0.370763012478069,0.0841777321939002,1.11346367414543,0.485436893203884,0.0277623542476402,0.336633663366337,0.903734842915293,0.43279715725102,0.176401865259276,0.0660744031093837,0.177639773085657,0.0449750138811771,0.0792261008883766,0.596482599971772,0.180379746835443,0.0660744031093837,0.0458879625543535,1.12142252049347,0.975241270282248,0.0138811771238201,0.252293577981651,0.0804640087147575,1.05548793173132,0.697817405603048,0.0977234869516935,0,0,1,0,0,0,0,0,0,0,0
"224","Vespbat",0.0201554851713216,0.139633436126976,0.921245163504003,0.166592366864363,1.08554395231416,0.0564353584797005,0.135485908321225,1.02176779195786,1.29467614072905,1.09463811573567,0.692106520517086,0.10230568587521,0.14792849173848,0.184375,0.124425834172553,0.140625,1.26365757412075,0.0322487762741146,0.0573741346462329,0.0859872611464968,0.575210977054648,0.897163343520548,0.129213483146067,0.156914801984275,0.0891718478236632,0.435755163200462,0.0656691902577364,0.999720031545741,0.474489795918367,0.0244745177080334,0.282894736842105,0.75238301559792,0.522739063834657,0.161753584424319,0.0581629714943852,0.15138476490994,0.0486610999136194,0.127190852709721,0.51738154979372,0.178343949044586,0.0639216815433343,0.0505556453450896,1.07409181520772,0.874002656237977,0.0190037431615318,0.298387096774194,0.0947018848979989,1.07400585219024,0.635258164394194,0.0921393607831846,0.501432664756447,0,0.248859735117887,0,0,0,0,0,0,0.249707600125666,0
"225","Artiodactyl",0.0143459291577313,0.11144720171924,0.47605356600237,0.130839482102253,0.933563575629315,0.0491015307254307,0.23060458720522,1.0360669837013,0.659705015867149,0.633976610341648,1.01467674197237,0.109578066260636,0.133643185290158,0.0355292376017765,0.0981296115766894,0.0444115470022206,0.574009534915933,0.0474746727797086,0.0432237574802084,0.0441729323308271,0.599885270214929,0.926734070301972,0.0542986425339367,0.123129298335513,0.119858311282956,0.356611492001426,0.0626160378632209,1.91282813979533,0.158132530120482,0.0215188937365969,0.446254071661238,1.04630802340696,0.313732434458504,0.15303546567317,0.0423722546772166,0.137848740072016,0.0493973230791984,0.0287379576760305,1.05139571496523,0.295112781954887,0.0552392220661096,0.0131083358187962,1.15584509710649,0.558361087678995,0.0303926643496266,0.346094946401225,0.114250904907146,0.870758731579852,0.663170855910865,0.0999038674850255,0.506876800103557,0,0,0,0,0,0,0.493123199896443,0,0,0
"226","Carnivore",0.0148746281342966,0.0982127250332534,1.16243822075783,0.0832469764567576,1.07895237087965,0.0743731406714832,0.137497815046555,1.14353265824535,1.11948360529311,1.00680130834328,0.758497473373975,0.119725988611966,0.197360809352538,0.180952380952381,0.18052434220398,0.0428571428571429,1.19669771268814,0.0331491712707182,0.128144222186245,0.0506912442396313,0.460970258137623,0.910409428608732,0.0943396226415094,0.0682812278802619,0.168364671485577,0.554643449109324,0.0795055393126337,0.860986507518545,0.142857142857143,0.0174245643858904,0.131313131313131,0.83479498717985,0.68113827832837,0.111307755037687,0.0361240968975776,0.108501677179594,0.0900977475563111,0.221680150789343,0.526730642443777,0.0368663594470046,0.0284742881427964,0.093710273348082,0.988943730972001,0.236464547911902,0.017849553761156,0.043956043956044,0.0916652100310365,0.796201111153055,0.621624716982794,0.0892477688057799,0,0.750917290499937,0,0.249082709500062,0,0,0,0,0,0,0
"227","Neoaves",0.0286298568507157,0.12971083830623,1.19775545945173,0.102297722994089,0.84701031715589,0.101665205959684,0.135728351423529,0.979298250051694,0.945010064897282,1.09456562690814,0.918931492135701,0.0996232727197335,0.275468378258592,0.346534653465347,0.108983848679977,0.0957095709570957,1.02519020291661,0.0254163014899211,0.165815917010026,0.283422459893048,0.525240844736218,0.942677235231462,0.126482213438735,0.155118115912605,0.129042225737641,0.51739210756917,0.110989686385743,1.00891622605462,0.436781609195402,0.0371019573473561,0.291187739463602,0.947827558404025,0.575419246652797,0.164478691872849,0.0712825007303535,0.149769215363895,0.037394098743792,0.0775590579563026,0.768129402385199,0.235294117647059,0.0470347648261759,0.0502394113434388,1.19833408782254,0.73329190441218,0.0198656149576395,0.338028169014085,0.0568320683300493,0.958522511660218,0.733737576642006,0.0885188431200701,0.245925887481835,0,0,0,0,0.261214003974021,0,0,0,0.492860108544144,0
"228","Galloanserae",0.0164697457930541,0.114278650178718,0.820090173653611,0.106358347691084,0.87062381852552,0.0780522735409954,0.190087259703214,0.92466206511764,0.733951411525972,0.816841792745407,1.07528850902652,0.0837289120121302,0.200270505758744,0.18359375,0.157274577968731,0.125,0.749858121558538,0.0433225921947726,0.19235020327111,0.174157303370787,0.719926595810165,1.04435073433183,0.0673575129533679,0.0792030248763394,0.16745782402426,0.68387303027803,0.126724839802143,1.18315161861486,0.142201834862385,0.0236305048335124,0.216216216216216,1.0690145202541,0.74924390751465,0.148222803697149,0.0451127819548872,0.107489819475032,0.0655209452201933,0.0622309481171238,0.976814233678902,0.174157303370787,0.0275689223057644,0.0680148463224018,1.26804029131695,0.697317211297474,0.0239885427855353,0.283185840707965,0.0973065734195027,1.07264155278759,0.864176802905402,0.0916577157178661,0.50777823921848,0,0,0,0,0,0,0.246027059052133,0,0,0.246194701729387
"229","Fish",0.0125486802250108,0.118080163142566,0.878938038544229,0.187428830385025,0.799011512938323,0.0588489831241887,0.232411749677431,1.07976265500329,0.976753101437501,1.12201202155737,1.04845393398919,0.112457298231015,0.169623091498448,0.231481481481482,0.104960145015614,0.0462962962962963,1.08231612733868,0.0311553440069234,0.081531541217486,0.101190476190476,0.442466015699789,0.855843021523089,0.0887096774193548,0.0974629918002131,0.100274424255989,0.62424055691986,0.0721600996982347,1.09305071146456,0.257352941176471,0.0255300735612289,0.271186440677966,1.07464197140634,0.7876576036753,0.238034614588982,0.0558199913457378,0.152754496763796,0.0419731717871051,0.0843429736732614,0.86780158274057,0.160714285714286,0.0463003028991779,0.0854390742884028,1.21355238340192,0.63527966720356,0.0151449588922544,0.206349206349206,0.0787201087617106,0.997740900957391,0.544788233104803,0.0934660320207702,0,0,0,0.489667467321707,0,0,0,0,0,0,0.510332532678293
"230","Neoaves",0.0286549707602339,0.116143347626259,1.25033208887397,0.102869822183258,0.888775360074052,0.104970760233918,0.157954952771712,0.963882774909675,0.945438778804464,1.23339217303497,0.885449516388868,0.0929146781010073,0.292017559746023,0.329032258064516,0.12477113916421,0.0451612903225806,1.06901725431358,0.0230994152046784,0.183174651113414,0.336734693877551,0.409819432441983,1.08112892620505,0.0543478260869565,0.12875319679711,0.151981866322362,0.472325465287216,0.104860850999708,0.958151142644996,0.325905292479109,0.0350877192982456,0.236363636363636,0.956508473636036,0.550770681325219,0.173219507031164,0.0646198830409357,0.118798052714859,0.037719298245614,0.0922510018288572,0.646445751204093,0.183673469387755,0.0383040935672515,0.0492035857203863,1.25123278083543,0.488550709105848,0.0198830409356725,0.233870967741935,0.0537577780441542,0.935396832616676,0.796114728604812,0.0906432748538012,0.24632152994554,0,0,0,0,0.262458372756599,0,0,0,0.491220097297861,0
"231","Artiodactyl",0.0180555555555556,0.129822189719585,0.984725965858041,0.133496402636177,0.93251272396847,0.0663194444444444,0.157991155413457,1.04282444317823,0.90087725412856,1.06337309514709,1.0156048512709,0.137170615552769,0.177586957635281,0.191836734693878,0.214329086801201,0.0775510204081633,1.01744621850752,0.0458333333333333,0.150642729580273,0.173410404624277,0.583979152859622,1.00540266437256,0.0722222222222222,0.132271664997313,0.131046927358449,0.608673935096882,0.124923239164129,1.09117113841789,0.136125654450262,0.0246527777777778,0.241803278688525,0.969104382938565,0.71951942441136,0.166564318885505,0.0503472222222222,0.162890105968913,0.0631944444444444,0.120024288608672,0.931781536747677,0.121387283236994,0.0465277777777778,0.0723942076298143,1.40581066860073,0.602869371270119,0.0138888888888889,0.213793103448276,0.0808326841650243,0.984576394095002,0.741045189318114,0.0850694444444444,0.557254292289832,0.221349092661865,0,0,0,0,0,0.221396615048303,0,0,0
"232","Artiodactyl",0.0182947877114256,0.144409665541262,1.04296797970938,0.140799423902731,0.925596501289383,0.0624784259578875,0.127561871228115,0.97632110517524,0.988765684140592,1.1210654410869,0.928410235157132,0.164867701492941,0.184122323565109,0.202479338842975,0.225038395468467,0.0495867768595041,1.20882942027373,0.0428028995512599,0.137189182264199,0.159340659340659,0.549692190925957,1.01223212128881,0.0446927374301676,0.117934560192031,0.126358457348605,0.59360055854717,0.113120904673989,1.031205505458,0.143646408839779,0.0265792198826372,0.230769230769231,0.930445319944969,0.714765917083748,0.163664287613431,0.050742147048671,0.190139392962662,0.0604073179150846,0.119137974071541,0.768015511307169,0.120879120879121,0.0465999309630652,0.081984673475865,1.28242892909885,0.738784669318758,0.0155333103210217,0.284810126582278,0.09266286872231,1.05780513592614,0.940787819082983,0.0835346910597169,0.760306513961574,0.239693486038426,0,0,0,0,0,0,0,0,0
"233","Artiodactyl",0.0178940123881624,0.136753877490882,1.05961833981817,0.121021130522905,0.937651309499379,0.0646937370956641,0.146435567932715,1.0195408340027,0.915932189597146,0.947682918174722,1.05231943883959,0.124651764438592,0.17790106186867,0.162393162393162,0.220258457551686,0.094017094017094,1.04993272040658,0.0450791465932553,0.156117258374547,0.206703910614525,0.595227638597846,0.990650855216274,0.0572916666666667,0.129492609659508,0.129492609659508,0.613509147628769,0.135543666185653,1.11451195292138,0.132978723404255,0.0237439779766001,0.231075697211155,1.0312682948468,0.710037019247287,0.159747892290234,0.0485203028217481,0.179111273173899,0.0619408121128699,0.114970073996759,0.92920021245667,0.100558659217877,0.0447350309704061,0.0824477599812629,1.39167829647671,0.620767220516785,0.0147969717825189,0.205479452054795,0.0919760591974075,0.997751817476402,0.735655279750978,0.0805230557467309,0.555469285379118,0,0,0,0,0,0,0.219291286749689,0,0.225239427871193,0
"234","Rodent",0.0133577789418544,0.126979567719208,1.42158181818182,0.15078823666656,1.02753939044726,0.0615505500261917,0.210309909034938,1.00501858447847,1.18272986002249,0.910692938347008,0.989491997645991,0.0952346757894061,0.126979567719208,0.136111111111111,0.146820125175334,0.205555555555556,1.18486492018011,0.035358826610791,0.0833303413157303,0.11716621253406,0.605865527779955,0.990071618950759,0.0691489361702128,0.119043344736758,0.0396811149122525,0.138173450091107,0.130947679210433,1.21520306431509,0.417021276595745,0.0254059717129387,0.377659574468085,1.10867744477864,0.146997702532775,0.214278020526164,0.0625982189628077,0.063489783859604,0.0405971712938711,0.190469351578812,0.761547454844007,0.122615803814714,0.0660031430068098,0.00795101557383942,1.09696983141083,0.675258116217526,0.0272393923520168,0.381889763779528,0.0595216723683788,0.937906881946871,0.597014894428688,0.0942902042954426,0.498405619703266,0,0,0,0,0,0,0.501594380296734,0,0,0
"235","Artiodactyl",0.0228552500828089,0.100105916182701,1.29611353536939,0.107172216148538,1.01309179937558,0.0606160980457105,0.166058049197186,1.06791447223518,1.02456763370815,1.07501245785362,0.913699713219385,0.126015682724106,0.194323249060537,0.119205298013245,0.146036865960646,0.0629139072847682,1.03215572384384,0.0473666777078503,0.115416232775349,0.0614035087719298,0.530404391195775,1.01365250554673,0.0572916666666667,0.128371116046052,0.136615132672862,0.527171050637133,0.0965727661997819,1.13942023164746,0.163934426229508,0.0145743623716462,0.254385964912281,0.960988894390606,0.596926065149338,0.171946632502051,0.0533289168598874,0.138970565994808,0.0612785690626035,0.161347182553294,0.733201257776978,0.109649122807018,0.0463729711825108,0.0825938292506531,1.13325138319299,0.461131064327633,0.0109307717787347,0.307692307692308,0.121304816080214,0.805314190308421,0.434334625211658,0.100033123550845,0.499101791770554,0.249914825081691,0,0,0,0,0,0.250983383147755,0,0,0
"236","Neoaves",0.0102205486820871,0.141226230311052,1.03612906739278,0.0990591568058567,0.783107361690646,0.0570199031737493,0.112445529347189,0.984456284388731,0.869207498759586,0.829024493875035,1.07140942610579,0.151935328344118,0.121815990126121,0.301818181818182,0.170676249901983,0.152727272727273,0.959510550092411,0.0322754168908015,0.110437573465989,0.231111111111111,0.728408867840245,0.808870114683649,0.106796116504854,0.177369436172649,0.104413705822389,0.664591966213141,0.13386372541332,0.995247986596731,0.292452830188679,0.0199031737493276,0.325581395348837,1.17396672979098,0.854212141085709,0.119808034244921,0.0537923614846692,0.168668294020783,0.0648197955890264,0.0722864117231927,0.760852350945225,0.133333333333333,0.0632060247444863,0.0744328473604301,1.22485055782164,0.734524367798704,0.0290478752017214,0.23943661971831,0.143903504819319,0.954142462465056,0.858326896101595,0.0739644970414201,0,0,0,0,0,0.760571329185139,0,0,0,0.239428670814861,0
"237","Galloanserae",0.0127458120903132,0.0851722970908344,0.852627426768196,0.167247419742002,1.00299510555921,0.0549890750182083,0.189701934429586,1.14154362507949,1.0648298462593,1.16713318924282,0.880989327389903,0.0913666459701678,0.163375951692419,0.172093023255814,0.0952381140197512,0.0558139534883721,0.907244867207773,0.0422432629278951,0.0720093057222509,0.0087719298245614,0.409153476110364,1.00535686758132,0.0522388059701493,0.120789803147002,0.114595454267668,0.409067299452903,0.081300829041251,1.17133392749509,0.271523178807947,0.0196649672250546,0.226415094339623,0.984657570364511,0.415151135098804,0.197444870528752,0.0586307356154406,0.102206756509001,0.0706482155863074,0.163375951692419,0.650543553048025,0.0657894736842105,0.0407865986890022,0.0527501052333613,1.0116205110555,0.451969007623186,0.0240349599417334,0.125,0.0983352884594179,0.949935881010842,0.354857765617636,0.0782957028404953,0,0,0,1,0,0,0,0,0,0,0
"238","Galloanserae",0.0160387914957106,0.134992804658373,0.797863239009853,0.126101063034169,1.03752881611035,0.0649011562849683,0.178643172631739,0.968918372028911,0.960368485736991,1.01041781513404,0.857946533869065,0.117209321409965,0.186726574108289,0.32,0.168134750712225,0.065,0.906631112457861,0.0447594181275643,0.0832590352084577,0.101796407185629,0.429147605510606,1.02280106934692,0.015748031496063,0.134992804658373,0.113975960819345,0.0999037108583149,0.0889174162420422,1.47604947373712,0.350574712643678,0.0294666169339799,0.36231884057971,0.843187319644177,0.135885941699759,0.203701717209042,0.0581872435658336,0.172984791598155,0.0544572920552033,0.0695172526983239,0.828852700186609,0.197604790419162,0.0578142484147706,0.0129575494381676,1.24502300346021,0.49524326615563,0.0193957478552779,0.23489932885906,0.0719422731412887,0.947525636048184,0.637586185370496,0.0745990302126072,0,0,0,1,0,0,0,0,0,0,0
"239","Artiodactyl",0.0164186762442278,0.111796243055482,1.18944949850357,0.0956545395127116,1.04056837630421,0.0661877886095434,0.137503400549523,0.984567527067925,0.755723169583778,0.884530241212338,0.953335658257352,0.139296923165386,0.163808398915519,0.181571815718157,0.143481809269067,0.238482384823848,0.895631565308054,0.0336069779374038,0.111796243055482,0.266968325791855,0.898775975903954,0.91597457232588,0.0432692307692308,0.217016236519465,0.128535787470206,0.270589763673186,0.117176810903072,1.12458457611245,0.255813953488372,0.0238583889173935,0.404255319148936,1.04787212402851,0.417415983949415,0.15723214932402,0.0705489994869164,0.197287487744968,0.0420728578758338,0.0490229515002647,0.690930223395453,0.257918552036199,0.0720882503848127,0.0311456707924089,1.22673500344029,0.724264108480525,0.0223191380194972,0.54863813229572,0.133916355317796,0.912029140751006,0.849514539326723,0.094663930220626,1,0,0,0,0,0,0,0,0,0,0
"240","Galloanserae",0.0169556840077071,0.107652503363222,1.48218203255781,0.0671678012437195,1.11071799668247,0.0705202312138728,0.112253037694983,1.17566112635216,1.05582116306461,0.769313649863679,1.0281159591256,0.159178487878952,0.151817632948133,0.118181818181818,0.186781693869521,0.0590909090909091,1.26060897858017,0.0416184971098266,0.138016029952848,0.0653266331658292,0.495609581780388,0.763109679355613,0.0851063829787234,0.0929307935015845,0.0736085493081858,0.487018799842394,0.0791291905062997,0.828891068222224,0.174863387978142,0.0192678227360308,0.21455938697318,1.23503662501469,0.778712611274891,0.10305196903146,0.0373795761078998,0.131575281888382,0.059344894026975,0.252109281380536,0.535524451707109,0.0653266331658292,0.0296724470134875,0.0995567635051676,1.08970358246839,0.373916230555238,0.0165703275529865,0.0725806451612903,0.0966112209669938,0.872900665657402,0.393200726702224,0.0847784200385356,0,0,0,0.325227554123431,0,0,0,0.344079448378758,0.330692997497811,0,0
"241","Galloanserae",0.0154929577464789,0.0982597232466775,1.26115322477305,0.130251261047921,1.12925737207192,0.0637323943661972,0.181285380873715,1.17255993437685,1.10648464771169,1.10307592136237,0.830859757260704,0.144723623386579,0.191949226807463,0.143459915611814,0.145485326667561,0.0632911392405063,0.985834939884589,0.0334507042253521,0.0883575805939116,0.0185185185185185,0.352080436647635,0.910615131775606,0.0326797385620915,0.112732085585335,0.127966151204975,0.329558573954321,0.0700767018503437,1.34316388801941,0.204419889502762,0.0267605633802817,0.327014218009479,0.974944114614868,0.320441779659776,0.189664116964517,0.0598591549295775,0.119587415114173,0.0700704225352113,0.160719392287201,0.534574821490394,0.0416666666666667,0.0415492957746479,0.038156152259865,1.17037284955304,0.479660044329059,0.0190140845070422,0.13953488372093,0.0563660427926677,0.92638746357982,0.426848647982676,0.0834507042253521,0,0,0,1,0,0,0,0,0,0,0
"242","Primate",0.0275957226629872,0.126109678312666,1.10342231374158,0.106405041076312,0.91561558869341,0.0924456709210072,0.147390686527929,1.00611409883283,0.925096736358155,0.914434548815325,0.918755488043746,0.0851240328610497,0.266406695435507,0.330097087378641,0.152119799464654,0.087378640776699,0.931517516485934,0.017247326664367,0.182859033553366,0.132596685082873,0.698967094016379,0.839532788467726,0.114285714285714,0.0993113716712246,0.197046372363541,0.570499109139157,0.103252299118495,0.963453115598282,0.190298507462687,0.0234563642635392,0.162361623616236,0.987402304279311,0.690529602478739,0.150543428485745,0.0513970334598137,0.091429516776683,0.0682994135908934,0.109557783034129,0.712309699869509,0.171270718232044,0.0300103483959986,0.091599935310229,0.982051286195946,0.682763946475551,0.03242497412901,0.214285714285714,0.10404048460795,0.995171748357635,0.879794006151205,0.106588478785788,0,0,0,0,0,0,0,0.498319190786058,0,0.501680809213942,0
"243","Artiodactyl",0.0217100868403474,0.097789736615134,1.00675360210209,0.140863787267038,0.978127421013904,0.0637942551770207,0.224683561508582,1.10108807098282,0.827898629867584,0.912066130884041,1.03566114429304,0.115252189582122,0.213041926197256,0.138047138047138,0.154833749640629,0.117845117845118,0.889693768915566,0.0430861723446894,0.137371296673641,0.0634146341463415,0.553121558702498,1.02415131630044,0.0476190476190476,0.157162076702894,0.147848768453834,0.460140103149866,0.0942972460217364,1.13448386092536,0.130890052356021,0.0170340681362725,0.256,1.08708099369156,0.50824111710677,0.172296202607617,0.0581162324649299,0.111759698988725,0.0521042084168337,0.107103044864194,0.831547677274202,0.11219512195122,0.0517702070808283,0.0478196716330896,1.21939685228057,0.498258595641647,0.00968603874415498,0.294117647058824,0.0919689189594713,0.919673624240532,0.532142787644938,0.0991983967935872,0.254567074243154,0,0,0,0,0,0,0.745432925756846,0,0,0
"244","Carnivore",0.0246856078248719,0.128697456752319,0.907513227513228,0.156523933887955,0.938348040684332,0.0693991616208663,0.179712664834319,1.00121729776259,0.879452564051252,0.996507965630064,1.01727521837333,0.0962332334274097,0.215655197801183,0.205405405405405,0.165799426266501,0.124324324324324,0.927570552147239,0.040055891942245,0.14724844150941,0.112781954887218,0.638976421109556,0.977593575554953,0.113821138211382,0.164639989719183,0.131016329846955,0.54414762741652,0.120581400921092,1.20739726027397,0.114093959731544,0.023754075454122,0.257861635220126,0.985026362038664,0.53777830554632,0.190147593760183,0.0577550069864928,0.133335202941592,0.0549604098742431,0.080001121764955,0.953169232780883,0.12781954887218,0.0600838379133675,0.0476255040545899,1.13455079227671,0.758245158810245,0.0135072193758733,0.361702127659574,0.0927549237854551,1.05015204912563,0.563070707070707,0.0861667442943642,0.251053540850689,0.249478473443143,0,0,0,0,0,0.499467985706168,0,0,0
"245","Galloanserae",0.0167572463768116,0.135458693751344,1.4263148055569,0.129254478770366,1.04096234072181,0.072463768115942,0.181990306108675,1.07166254343756,1.0615957501468,0.811740389935879,0.963962040809838,0.0837569022431972,0.226453846805681,0.209424083769634,0.180956270278512,0.0785340314136126,1.0852344869957,0.0407608695652174,0.137526765411669,0.124260355029586,0.506610044502694,0.977201522034406,0.0545454545454545,0.142696944562484,0.149935195373625,0.353658479345515,0.117880084638574,1.20991244535345,0.2,0.0208333333333333,0.222929936305732,1.04931636728889,0.347233638356232,0.147867123713299,0.0471014492753623,0.116846048808411,0.0516304347826087,0.140628872902158,0.708851910805462,0.142011834319527,0.047554347826087,0.0455823809814086,1.11619033003123,0.540335414371404,0.0230978260869565,0.218181818181818,0.0734165439415679,0.992969589358081,0.567050562450373,0.0865036231884058,0,0,0,1,0,0,0,0,0,0,0
"246","Galloanserae",0.016301816488123,0.124647135609936,1.01356735303304,0.131918218520516,1.16907278682153,0.0745225896599907,0.211900130536891,1.04389306167814,1.05914401514967,0.847842278771236,0.878344773532332,0.108027517528611,0.216055035057222,0.137362637362637,0.164118728553082,0.0879120879120879,1.04987287334517,0.0358639962738705,0.108027517528611,0.0392156862745098,0.401040485029462,0.916861076622565,0.0388349514563107,0.136073123040847,0.131918218520516,0.278305480700956,0.0841368165367068,1.35133640427048,0.29375,0.0214252445272473,0.313725490196078,1.02509185391519,0.278348695837711,0.182815798894573,0.0507685142058687,0.153731467252254,0.055891942244993,0.110104969788777,0.552545753263419,0.274509803921569,0.0470423847228691,0.0301792051470399,1.21230904361296,0.60233960487478,0.0228225430833721,0.144,0.0737495552358788,0.98591670384533,0.519477133919261,0.0847694457382394,0,0,0,1,0,0,0,0,0,0,0
"247","Galloanserae",0.0138433515482696,0.0799295561467693,0.927204733235645,0.150810483295791,0.937018676929835,0.048816029143898,0.199069837950444,1.26958619123679,1.12906887300322,1.28701393983859,0.904800624763538,0.0972727617257852,0.153072640545228,0.188073394495413,0.0912403423939536,0.0229357798165138,0.946664689302224,0.0426229508196721,0.0595701409018375,0.0171673819742489,0.309036490621746,0.990272477713806,0.0441176470588235,0.131959172883817,0.104059233474096,0.362120152831659,0.0580620360688796,1.11065683372343,0.32089552238806,0.0207650273224044,0.206140350877193,1.06075600324425,0.365822355025689,0.199823890366923,0.0597449908925319,0.0927484472269115,0.0714025500910747,0.170415846124244,0.577908013759715,0.0600858369098713,0.0404371584699454,0.0392838118395883,0.982673973546654,0.405590585065579,0.0222222222222222,0.037037037037037,0.0821917133962061,0.94263520736114,0.384664226919569,0.0794171220400729,0,0,0,1,0,0,0,0,0,0,0
"248","Galloanserae",0.0127319025100036,0.0803078774804849,0.827743566669616,0.152359804939612,1.02123246173469,0.0538377591851582,0.204147127800859,1.25304832895806,1.11806880871889,1.23080769020444,0.929795365734668,0.109578973010755,0.146355477651351,0.111607142857143,0.0825595002135826,0.0401785714285714,0.860450070801517,0.0458348490360131,0.0652970592598335,0.026431718061674,0.354937598110539,0.973490308151094,0.0384615384615385,0.124589791231406,0.102824104811462,0.340968763936376,0.0607938137936381,1.19320406903015,0.283783783783784,0.018552200800291,0.236363636363636,1.08420404712353,0.355059219332744,0.207149291444989,0.0600218261185886,0.11108005483282,0.0709348854128774,0.177878195914719,0.613173613105433,0.0308370044052863,0.0407420880320116,0.0383489333359971,1.02244547534153,0.376556260277191,0.0221898872317206,0.105633802816901,0.0893143684128757,0.887451604298331,0.32800459131868,0.0814841760640233,0,0,0,1,0,0,0,0,0,0,0
"249","Galloanserae",0.0140449438202247,0.0646665695455761,0.711065731256107,0.149230545105176,1.10418978531517,0.0646067415730337,0.208093704563328,1.51517460140066,0.989504166533654,1.23030668882687,0.912567424011916,0.0837349169756818,0.167469833951364,0.0631578947368421,0.0969998543183641,0.031578947368421,0.85108102108768,0.0365168539325843,0.0621793937938232,0.012987012987013,0.345024399470399,0.71401738244564,0.0740740740740741,0.101145147237952,0.148401486521258,0.442921726134878,0.034820460524541,0.738651944427592,0.136645962732919,0.0196629213483146,0.08,1.13723145899496,0.428347974536205,0.202290294475905,0.0397271268057785,0.0514016322028938,0.0854735152487962,0.18985441571714,0.47344689050406,0.0606060606060606,0.040529695024077,0.0548198569996651,0.86400830449827,0.36877796721061,0.0196629213483146,0.0567375886524823,0.0804186826400113,1.00692719789121,0.352472873239646,0.0762439807383628,0,0.461143715700521,0,0.538856284299479,0,0,0,0,0,0,0
"250","Vespbat",0.0160843039378813,0.130932385117311,1.30170110186259,0.182929456718923,1.03774141140719,0.0590682196339434,0.13469120957044,0.947658015083899,1.31590791891129,1.31558588080761,0.686781048011562,0.107126496914164,0.133438268086064,0.213917525773196,0.124041206953242,0.123711340206186,1.36794410113663,0.0324459234608985,0.0751764890625711,0.102272727272727,0.641060776932282,1.15154635812805,0.0975609756097561,0.173532395586102,0.105873555429788,0.315377920975743,0.0808147257422639,1.02968477297405,0.333333333333333,0.0249584026622296,0.35672514619883,0.703535362176656,0.409911201430984,0.178544161523606,0.0557404326123128,0.135944151054816,0.0471436494731004,0.15097944886733,0.57757271421901,0.113636363636364,0.0579589572933999,0.0508387137981464,1.06579016377521,0.758700687908288,0.016916250693289,0.371308016877637,0.0695382523828783,1.02418282750365,0.834374013750564,0.107598447032723,0,0.24659081181808,0,0,0,0,0,0,0,0,0.75340918818192
"251","Neoaves",0.0169628432956381,0.156363869979175,1.11257189753152,0.14501487941617,0.851487236862015,0.0549273021001615,0.093313922406927,0.903409640279438,1.27929027322237,1.22001392653349,0.836393503188939,0.129252392523108,0.120425399862994,0.230366492146597,0.131774390425998,0.175392670157068,1.37298539627227,0.0285406569736134,0.104032413494209,0.189964157706093,0.713522567888667,1.09307730834454,0.200803212851406,0.138709884658945,0.092052923455482,0.600888059356909,0.133035389377443,0.82244968259436,0.377450980392157,0.026117393645665,0.257142857142857,0.888269305136301,0.765353670386032,0.151319874173395,0.0597738287560582,0.15762486893062,0.061389337641357,0.16519086263929,0.620549702543605,0.129032258064516,0.0460420032310178,0.108016371097031,1.08843560514905,0.94887426952721,0.0164243403338718,0.207207207207207,0.0807039328924774,1.09798059280687,0.8883647047663,0.102854065697361,0,0,0,0,0,0,1,0,0,0,0
"252","Pterobat",0.00919117647058824,0.126003450753786,0.911741631250603,0.158570496487073,1.01973955056337,0.0514705882352941,0.11941250102205,0.941991137302312,1.25051372421021,1.10749544391318,0.789288082635523,0.167487663771187,0.087620861139556,0.115618661257606,0.135308320963297,0.139959432048682,1.2481445405356,0.0378676470588235,0.037994886688834,0.123893805309735,0.662775968460161,0.993209024039253,0.096989966555184,0.188423621742585,0.0597062505110249,0.363251863472578,0.0887839699157448,1.10217280002874,0.392857142857143,0.0255514705882353,0.492366412213741,0.888710533904609,0.449498039338763,0.160509011114054,0.0619485294117647,0.18997443344417,0.0485294117647059,0.100415057677633,0.560294066506325,0.199115044247788,0.0634191176470588,0.0423383879848812,1.10314495450879,0.759872068778017,0.0154411764705882,0.37037037037037,0.0907224845427261,1.05447199339058,0.561596412347602,0.090625,0,0,0,0,0,0,0,0,0.750915793378466,0.249084206621534,0
"253","Carnivore",0.00980183251651396,0.119073224494224,0.633868770095784,0.185321236667374,1.20575502600535,0.0547624121031323,0.142021882305838,0.908138472676065,1.06523441473567,0.903500285449928,0.851443874776414,0.118640230950609,0.104784437554917,0.0819672131147541,0.0848667345486105,0.139344262295082,0.971734586992212,0.0366503302791391,0.0407013930998438,0.0922330097087379,0.690313105805279,0.891592980842504,0.114678899082569,0.149815766090914,0.081835779743303,0.42111930881183,0.0593201154753043,1.31547682250391,0.381322957198444,0.0251438312380141,0.5,0.971558720329654,0.431250793717924,0.175795378707836,0.0479437460046878,0.151980733808991,0.0445344129554656,0.0519592252338432,0.640737019047708,0.230582524271845,0.0564670786277434,0.0368730522545804,1.08829723119923,0.822723596576002,0.0161943319838057,0.359550561797753,0.123403159930377,1.10761069314248,0.62588955348449,0.103984658001278,0.501253113797922,0.250394920712072,0,0,0,0,0,0.248351965490005,0,0,0
"254","Pterobat",0.0188784008883953,0.151995413286742,1.05647385167659,0.178897256346342,0.936086029082303,0.0563575791227096,0.151322867210252,0.965351571393268,1.23800703874555,1.19809607367733,0.780425563607866,0.129128846686081,0.169481611275482,0.208994708994709,0.123075931997671,0.134920634920635,1.18580391382811,0.0316490838423098,0.0692722458784708,0.128113879003559,0.602390126368655,0.935709629253184,0.161764705882353,0.168809065198992,0.0941564507086011,0.482456926635009,0.0921388124791311,1.00917983686657,0.389162561576355,0.0249861188228762,0.32183908045977,0.795776654851997,0.525215308210033,0.183605078881772,0.0655191560244309,0.156030689745682,0.0494169905607995,0.130473938839062,0.659323426181764,0.181494661921708,0.0627429205996669,0.0572729708969023,1.06614868770956,0.862993436629177,0.021377012770683,0.303317535545024,0.0941564507086011,1.03314683119918,0.713029340563513,0.10494169905608,0,0,1,0,0,0,0,0,0,0,0
"255","Galloanserae",0.0107432580574435,0.133919324244962,0.795969044189085,0.166582574060806,1.05963605293495,0.054154790616093,0.16284963122471,0.948632892504092,1.13089610898008,0.967608022787807,1.06843526123309,0.109188577955823,0.102189310138142,0.132692307692308,0.0919237173388763,0.151923076923077,1.11477568852177,0.0534970401227801,0.0564607603959596,0.120098039215686,0.698978577811141,0.898390085565865,0.193717277486911,0.1469846241713,0.0695260603222973,0.453433341323601,0.10172269228363,1.47048522599958,0.392712550607287,0.0225827669370752,0.530546623794212,1.17295331408261,0.458159527274529,0.174981695442023,0.0462617846963385,0.152584038425444,0.0447270335452752,0.0774585638490024,0.85348762814129,0.205882352941176,0.0499890374917781,0.0434763467194513,1.15718806124501,0.991685710796713,0.0192940144705109,0.311855670103093,0.100322838720093,1.10257668758255,0.57170592993896,0.114010085507564,0.248200159298468,0,0,0,0,0.508104116241484,0,0,0.243695724460048,0,0
"256","Pterobat",0.0101378751013788,0.141416055302099,0.932418159111442,0.151102086487175,1.03882874223061,0.0502838605028386,0.143837563098368,0.980307593652566,1.13644690666393,0.953310639433988,1.02391458944173,0.131730024117024,0.121559691372695,0.130097087378641,0.134151531913293,0.18252427184466,1.11916953737732,0.0464314679643147,0.0668336151770196,0.132250580046404,0.658296945929861,0.982790215684585,0.0609756097560976,0.15691370519822,0.0755510432435874,0.329449951880376,0.108967850832097,1.26427451145473,0.330645161290323,0.0293998377939984,0.464396284829721,1.11189358759627,0.373858531167247,0.168052641061057,0.053933495539335,0.164178228587026,0.0543390105433901,0.107514946154336,0.809227120932215,0.19953596287703,0.0482562854825628,0.0363903198843123,1.09258422555922,0.834929817116802,0.0208840227088402,0.310704960835509,0.0895957884619466,1.08223204813913,0.536145846185109,0.104420113544201,0,0,0,0,0,0,0,0.243242627284744,0.509066806448182,0,0.247690566267074
"257","Pterobat",0.0085907512337781,0.120610063272235,0.876970752003161,0.189806221367524,1.08112902511509,0.0517272893438128,0.123316058281548,0.953074642775558,1.22592553964303,1.0884555009555,0.750519043080978,0.144964018356052,0.0873649817292471,0.119675456389452,0.0958695374728021,0.144016227180527,1.22925616078208,0.0345457868762566,0.0417496372865429,0.11283185840708,0.652980466493491,0.928582738557781,0.0981132075471698,0.188259938505059,0.0699692995265209,0.382807000151315,0.0668767338015918,1.06669092242232,0.335689045936396,0.0292451105830744,0.42156862745098,0.842689235232425,0.510627111502583,0.169704544155484,0.0577590934015719,0.176662817036575,0.0422226284043137,0.0777007138388437,0.52873496482519,0.216814159292035,0.0747578139279839,0.0402782908007116,1.09086134748461,0.721680435823755,0.0157192469384025,0.421841541755889,0.0989621031977312,1.08008073674456,0.604384949212535,0.090111496984098,0,0,0,0,0,0,0,0,0.74948071301438,0.25051928698562,0
"258","Rodent",0.0101556101556102,0.134019931276833,0.912444412324444,0.190221837941311,0.99300954488995,0.0563472563472563,0.135592012582133,0.903194766742957,1.16458069385007,1.0041151757319,0.880775185044466,0.134019931276833,0.108473610065706,0.14519056261343,0.0903946750547552,0.127041742286751,1.14011381736216,0.0373464373464373,0.0546298253591781,0.100204498977505,0.658654954066697,0.943480185937206,0.147260273972603,0.175680085867285,0.086464471791505,0.338279707638495,0.0805691668966296,1.20715636578719,0.377906976744186,0.0258804258804259,0.498533724340176,0.996498656838699,0.443106034451383,0.164282496403859,0.0619164619164619,0.17607310619361,0.0473382473382473,0.087250512444155,0.621220038022539,0.206543967280164,0.0676494676494677,0.036225265884885,1.10188216885135,0.806729754056487,0.0157248157248157,0.402390438247012,0.112010793002631,1.10389834713861,0.670406243785393,0.0902538902538903,0,0,0,0,0,0,0,0,1,0,0
"259","Artiodactyl",0.0200848656294201,0.161563908535574,1.08402172976474,0.186265828435642,1.072269219546,0.0605374823196605,0.16356676690585,0.989182113746568,1.25188474176252,1.02847660307568,0.834014099881407,0.11216006873544,0.145541041573369,0.144444444444444,0.123509599500336,0.133333333333333,1.2504170228737,0.0345120226308345,0.0660943262190986,0.100334448160535,0.611826788224204,0.82252010231972,0.160427807486631,0.162899147449092,0.0734381402434429,0.48117087702202,0.07944671535427,1.22271277822297,0.467289719626168,0.02998585572843,0.4,0.88878697029545,0.560097704332121,0.181592492238332,0.0571428571428571,0.169575342016677,0.046958981612447,0.0934667239462001,0.672387464608213,0.163879598662207,0.061951909476662,0.0555156999639978,1.16819290277663,0.946458538294488,0.0155586987270156,0.271889400921659,0.0827848126380629,1.08508706397456,0.790133003009037,0.101838755304102,0.259444134004883,0,0.246584435602126,0,0,0,0,0,0,0.249580906591861,0.24439052380113
"260","Fish",0.0199550309162451,0.15018856734551,0.99377533114205,0.203967879670103,1.00522296306483,0.0671725688589095,0.131824899722478,0.942868398581087,1.36282055215288,1.13185665209692,0.721431618415261,0.0990326361099216,0.146909340984254,0.243401759530792,0.104935243560182,0.143695014662757,1.39000138221622,0.0351320966835301,0.0518117765078398,0.13758389261745,0.626747132955711,0.877457681731584,0.181347150259067,0.192162664769583,0.0668962177696159,0.459770902028395,0.0806689684868897,1.12182214276742,0.581589958158996,0.0258572231590781,0.395061728395062,0.74860134048213,0.556308305208499,0.164617163335035,0.0691399662731872,0.168552234968542,0.044406970207982,0.0839481948481454,0.608967154308769,0.167785234899329,0.0623946037099494,0.0630785015216909,1.0900809195393,1.03399893704163,0.0174255199550309,0.229357798165138,0.0911624928429079,1.0933949423163,0.658217539769915,0.09584035975267,0.450938807343529,0,0.549061192656471,0,0,0,0,0,0,0,0
"261","Artiodactyl",0.0180862250262881,0.106113248641849,0.841875106812937,0.170647428428116,1.14642166879439,0.0555205047318612,0.138596896185272,1.00319583735167,1.18661737448732,0.895504899098989,0.756893533630718,0.104813902740112,0.122138514763271,0.0687361419068736,0.0714640245955309,0.150776053215078,1.15458065362909,0.0264984227129338,0.0303180710405283,0.103932584269663,0.691413037607624,0.852489617930951,0.113445378151261,0.195335000561118,0.0679991021908991,0.331694046248823,0.0511076054683191,1.13628546976784,0.511363636363636,0.0264984227129338,0.482014388489209,0.874466121928715,0.364616486300512,0.173679235532169,0.0809674027339642,0.127335898370219,0.0317560462670873,0.0385472617515288,0.506384617526146,0.308988764044944,0.0879074658254469,0.0195265169401617,1.16035472416216,0.800997633615862,0.0185068349106204,0.416867469879518,0.0831581377111632,1.06210673885217,0.588561143068169,0.0948475289169296,0.754476141523173,0,0,0,0.245523858476827,0,0,0,0,0,0
"262","Fish",0.011678577653826,0.129670124135023,1.06431575005503,0.162311224348322,0.97417953841399,0.074777758410319,0.118044526798779,0.933507690993153,1.26258456100047,1.12079350973579,0.740462584834338,0.135930061162231,0.133694369366799,0.237154150197628,0.117597388439693,0.154150197628458,1.36195491554764,0.0334669687990239,0.0724364141719782,0.157079646017699,0.657891912128332,1.0183051042239,0.0857142857142857,0.182432450507204,0.115361696644262,0.384617979993718,0.0997118540762416,0.977856883127732,0.331002331002331,0.0289349834408227,0.382352941176471,0.829568192143314,0.549310558858082,0.162311224348322,0.070594387310441,0.180196758711773,0.0503747603276974,0.122963048748728,0.504762672952701,0.161504424778761,0.0569984312358376,0.0582363333792795,1.03586016496204,0.784060091197632,0.0191737842077741,0.396449704142012,0.107313206180708,1.0168307437032,0.692388651648629,0.0881994073557608,0.749594138710532,0,0,0,0,0,0,0.250405861289468,0,0,0
"263","Galloanserae",0.008207343412527,0.144218015475307,0.977467442842567,0.161184840825343,0.948677785355571,0.060475161987041,0.125255093025266,0.927266390779914,1.17126560892415,1.09650544221451,1.00311088416324,0.119266801725253,0.115274607525245,0.151898734177215,0.132241432875281,0.124472573839662,1.21932829495042,0.0393088552915767,0.0878282724001867,0.158878504672897,0.712381444508523,0.966910340542552,0.122529644268775,0.161184840825343,0.082339005375175,0.509872213632594,0.113777534700242,1.09040965455735,0.328571428571429,0.0248380129589633,0.408163265306123,1.14561246326654,0.616095053677565,0.165177035025351,0.0514038876889849,0.143718991200305,0.0457883369330454,0.143219966925304,0.669980062273323,0.154205607476636,0.0496760259179266,0.0664939382634741,1.0749594879511,0.915724702574754,0.0174946004319654,0.357348703170029,0.0913214423251941,1.09777142432846,0.59136232452457,0.102375809935205,0,0,0,0.493271459920968,0,0.506728540079032,0,0,0,0,0
"264","Pterobat",0.0166158958737192,0.129119516584533,1.11534277826056,0.173746077616053,1.10761348737895,0.0551093879811686,0.167200848664763,1.02509266070696,1.30183086398272,0.979724910850739,0.711780788026417,0.127929474957025,0.110673871358171,0.115183246073298,0.0886581012492873,0.128272251308901,1.23744421614319,0.0296316809747992,0.0470066442865349,0.0704607046070461,0.601279265624861,0.970719734442386,0.0761904761904762,0.172556035988546,0.0731875600916936,0.281215928560303,0.0636672270716359,1.13736704123866,0.42713567839196,0.0271392965937413,0.408805031446541,0.818410458758831,0.324629751295832,0.175531140057314,0.0578787039601218,0.146970140997141,0.0470783716422044,0.120789225191982,0.511297802395957,0.140921409214092,0.0573248407643312,0.0327871441119588,1.09990915655854,0.721951280551324,0.0185544170589864,0.366141732283465,0.0737825809054472,0.968506634472454,0.713943568361683,0.105787870396012,0,0,0,0,0,0,0,0,0,0,1
"265","Fish",0.019960640989598,0.146894663584968,1.07342193829279,0.198506302141849,1.03560730956877,0.0674725892606129,0.146894663584968,0.953650529127688,1.31025558717012,1.11020077415621,0.733484356961839,0.115133655242272,0.152849852649223,0.233727810650888,0.124397282675558,0.109467455621302,1.37029076127353,0.0368287883047512,0.0635220166853916,0.173333333333333,0.605846650393079,0.875325256964079,0.15625,0.178655671927664,0.077417457835321,0.423846953191087,0.0820492715519641,1.16163671610394,0.529166666666667,0.0267078999156593,0.44578313253012,0.781825798791668,0.546293036695536,0.168068669146765,0.067191453472027,0.16211348008251,0.0444194545965702,0.0906512113114442,0.576136774617787,0.126666666666667,0.0612876019117234,0.0589999703872362,1.17173585429738,1.05883683422095,0.017430418892325,0.254807692307692,0.0880044606162196,1.09610172134757,0.72378659441745,0.0950238965420298,0.228229733115727,0,0.546581158959009,0,0,0,0,0,0,0.225189107925264,0
"266","Galloanserae",0.00792776921382955,0.149439284642598,0.916546831496593,0.130007551035821,1.09282777427892,0.0493283417749394,0.13972341783921,0.939892215777509,1.04263112853639,0.920961580920149,1.02556597578901,0.154528548206278,0.094845366414033,0.126436781609195,0.139260757515239,0.159003831417625,1.05537916866071,0.0455846729795199,0.0740256518353428,0.114219114219114,0.737752719802934,0.92475041813431,0.112107623318386,0.138798097191268,0.0684737279476921,0.52578442313609,0.100397290301684,1.29462013621245,0.272321428571428,0.0207002862805549,0.485507246376812,1.14581322400412,0.545865761307055,0.15036460529054,0.0429420832415767,0.19154137412395,0.0484474785289584,0.11936636358449,0.750290443961724,0.212121212121212,0.0418410041841004,0.0491334053540359,1.11551443127041,0.866363692324674,0.0242237392644792,0.337874659400545,0.117978382612578,1.0697931859273,0.632723194938215,0.114952653600529,0,0,0,0.754229918376688,0,0.245770081623312,0,0,0,0,0
"267","Fish",0.0196850393700787,0.141239960033511,1.04857476163511,0.207899941170823,0.979361963521638,0.0688976377952756,0.153119956671844,0.9255829725551,1.33212638677857,1.19847050115249,0.697629292802931,0.108239969371476,0.163019953870455,0.251445086705202,0.122099965449531,0.11271676300578,1.36397768986172,0.0368391451068616,0.0554399843122194,0.13013698630137,0.581907973840875,0.914188931848347,0.189054726368159,0.163679953683695,0.0910799742272176,0.456723621957627,0.0725999794564778,1.16096455540702,0.526530612244898,0.0267154105736783,0.392638036809816,0.727374657191776,0.518991064187625,0.183479948080917,0.0655230596175478,0.162359954057214,0.0455568053993251,0.0871199753477733,0.574216818677147,0.167808219178082,0.0604611923509561,0.0608331608244784,1.07918441645498,0.971811713191023,0.0177165354330709,0.263888888888889,0.081179977028607,1.12304561460063,0.743005219195695,0.0973003374578178,0.226880377414944,0,0.544524038980061,0,0,0,0,0,0,0.228595583604995,0
"268","Artiodactyl",0.0187814933577645,0.125042055301333,1.07518506394911,0.133072279036281,1.0581391173834,0.0673385249656436,0.161751649518238,1.03119548135512,0.915347930639581,1.09027021921252,0.925798213370589,0.182400796265247,0.16748752361463,0.115384615384615,0.186989495542361,0.104395604395604,0.963229886748051,0.0343563902885937,0.112423132289272,0.110236220472441,0.547725025248275,0.90465250211671,0.0384615384615385,0.147985551686899,0.123894880482055,0.605648942609799,0.108981607831437,1.07889124349925,0.163265306122449,0.0210719193770041,0.378378378378378,0.955666838014163,0.674023061859041,0.177812096988134,0.0687127805771874,0.16748752361463,0.0558863948694457,0.100951384096489,0.770626818879731,0.188976377952756,0.0586349060925332,0.0540177146088124,1.40070451183432,0.614829319642626,0.0146587265231333,0.268292682926829,0.111275957469994,0.900519076298535,0.578259931098833,0.0833715071003207,0,0.752572585602198,0,0,0,0,0,0.247427414397802,0,0,0
"269","Insect",0.0159509202453988,0.145852036846265,1.01065504757094,0.165155982899447,1.19564846526125,0.0478527607361963,0.147460699017363,0.99826644504728,1.25049710665464,1.03242361273164,0.673944892362054,0.125475649345684,0.11904100066129,0.135523613963039,0.136200063819674,0.158110882956879,1.16239153014136,0.0417177914110429,0.0482598651329553,0.0651558073654391,0.642053326942466,1.00456839038084,0.126903553299492,0.153359126978058,0.0697086940809354,0.306890101364398,0.0670275904624379,1.07983317876857,0.425641025641026,0.0201226993865031,0.32620320855615,0.732482977784837,0.320558315564759,0.146388257569964,0.0522699386503067,0.146388257569964,0.058159509202454,0.16193865855725,0.512162119638755,0.124645892351275,0.0561963190184049,0.0263237899683929,1.1202339074694,0.877122171676627,0.0142331288343558,0.270462633451957,0.0970559509896101,1.04924952381639,0.592446992446993,0.119509202453988,0,0,0,0,0,0,1,0,0,0,0
"270","Insect",0.0200564971751412,0.129331532214704,1.34430128407938,0.155334697421893,0.968855344041245,0.0765536723163842,0.101959779365031,0.960264314111774,1.26944421195191,1.385447555813,0.781733045433685,0.123172887823527,0.158756166528102,0.328571428571429,0.126594356929736,0.122857142857143,1.43666173341967,0.0274011299435028,0.131384413678429,0.197026022304833,0.611252919320961,1.03596169714648,0.187772925764192,0.137543058069605,0.103328367007514,0.647560975609756,0.115645655789867,0.83996024680111,0.317343173431734,0.0220338983050847,0.226415094339623,0.821758664955071,0.81961994585858,0.114961361968625,0.0593220338983051,0.151913228315684,0.0548022598870056,0.147807465388233,0.5858615629664,0.0706319702602231,0.0466101694915254,0.133686013378455,1.2023973702824,0.829431538733427,0.0175141242937853,0.156398104265403,0.086221021476469,1.05412745175612,0.975311647938706,0.0988700564971752,0,0,0.501496575252886,0,0,0,0,0,0,0.246443531842861,0.252059892904253
"271","Vespbat",0.0163525498891353,0.136914787013851,1.21592729050305,0.18025020125218,1.00439979784379,0.0559866962305987,0.149475776648149,0.959677208762977,1.26654791784414,1.25744723046771,0.705512784771822,0.109280609818395,0.143823331312715,0.209424083769634,0.134402589086991,0.0968586387434555,1.33478257848037,0.0332594235033259,0.072225690397215,0.113207547169811,0.618138488077483,1.14325619134246,0.121827411167513,0.168317261099597,0.094207422257237,0.347990393817423,0.0923232738120923,1.00616865355246,0.346534653465347,0.0235587583148559,0.306748466257669,0.737408215470254,0.4347285044547,0.179622151770465,0.0554323725055432,0.139426984940711,0.0476718403547672,0.14445138079443,0.57170625278921,0.107816711590297,0.0598669623059867,0.0528544904281497,1.13740405250424,0.869938405165635,0.016629711751663,0.316239316239316,0.07285373987893,1.0215856342462,0.832688572546457,0.105875831485588,0,0.242548678881261,0,0,0,0,0,0,0,0,0.757451321118739
"272","Fish",0.0220779220779221,0.151740409945225,1.16007867078413,0.181046497702887,0.935061500766233,0.0605194805194805,0.154345395523684,0.928358841271817,1.25741533806595,1.43289425390482,0.773306014740811,0.124388061371408,0.182348990492116,0.326086956521739,0.154345395523684,0.0733695652173913,1.33273969650996,0.0348051948051948,0.100943191165279,0.187898089171975,0.489684268600596,1.07818743234086,0.123931623931624,0.157601627496757,0.10810690150604,0.457874907830376,0.0950819736137462,0.992429735693634,0.321888412017167,0.0322077922077922,0.293650793650794,0.805443587865252,0.544229726711665,0.18560522246519,0.0618181818181818,0.168672816205207,0.0496103896103896,0.123736814976793,0.613503586659107,0.136942675159236,0.0566233766233766,0.065246027454604,1.09707049382789,0.880140162836236,0.0171428571428571,0.19811320754717,0.0742420889860758,1.08230474157996,0.923045604908253,0.0955844155844156,0,0,1,0,0,0,0,0,0,0,0
"273","Plant",0.0115781525295746,0.172576752111338,0.989428868954613,0.188985689197334,1.0191045426435,0.0573873647118047,0.131271496687969,0.824692092687128,1.2588325696174,1.3076194469796,0.758619929701977,0.106941003767354,0.119389162936041,0.21021021021021,0.122218290019833,0.114114114114114,1.29120097765623,0.0312106720362447,0.0645040975104675,0.128767123287671,0.674541223974553,1.05100432412245,0.107843137254902,0.157299465858859,0.0865712887640484,0.306385542798586,0.0775180820959127,1.0145846867939,0.302631578947368,0.0382582431412031,0.33502538071066,0.830876048267353,0.41048612634559,0.196341419615195,0.0546186760634281,0.165786847110237,0.0488295997986408,0.120520813769558,0.555882798371507,0.126027397260274,0.0553737729675308,0.0328790445050275,0.942770841126423,0.896451894935657,0.0166121318902593,0.397394136807818,0.0882687650143239,1.21175849661771,0.638280483105136,0.0838157563553989,0,0,0,0,0,0.246259134266749,0.753740865733252,0,0,0,0
"274","Galloanserae",0.0086617583369424,0.150420365731233,0.912103148585641,0.164274873101215,0.930741050598901,0.0554352533564313,0.140524289038388,0.897522389324057,1.11164807616814,0.993013257362887,1.08345230320034,0.126174977833764,0.109846451290571,0.164705882352941,0.131123016180186,0.170588235294118,1.14060999034947,0.0461238631442183,0.0846114557238183,0.151832460732984,0.751099619968249,0.962073666792132,0.144,0.154873600243012,0.0846114557238183,0.542208743882849,0.135081446857324,1.2352710847331,0.359375,0.0240363793850152,0.447721179624665,1.15111776975129,0.618500586330259,0.158337227085508,0.0498051104374188,0.15883203092015,0.0426591598094413,0.122711350991269,0.874514186916375,0.151832460732984,0.0459073191857947,0.0679144778995191,1.08267703156948,1.01005340378124,0.0192724122996968,0.349206349206349,0.113804881967709,1.12904960265456,0.625975906015973,0.110437418796016,0,0,0,0.484161028596092,0,0.255021258712665,0,0,0.260817712691243,0,0
"275","Artiodactyl",0.0115183246073298,0.117371422494721,0.986683731822886,0.178786701707075,1.09658558757453,0.0596858638743456,0.111912286564734,0.889067209362996,1.18949965023216,0.923044272565704,0.840523652962529,0.125560126389701,0.106908078628912,0.0861423220973783,0.0955348787747727,0.179775280898876,1.20682971427086,0.0354275741710297,0.0423083034573993,0.1,0.754064429800575,0.950792075819698,0.0588235294117647,0.202442957403685,0.0827968949381363,0.285402677764737,0.0773377590081493,1.2283119670472,0.453216374269006,0.0246073298429319,0.456834532374101,0.952954703722937,0.361376772099053,0.140572750197166,0.0706806282722513,0.173782493771253,0.0394415357766143,0.0696039831073344,0.637766889389029,0.218,0.0684118673647469,0.0232445734329568,1.06124999181668,0.852495494648583,0.0171029668411867,0.509594882729211,0.107817934617243,1.0611349655698,0.519830993594112,0.0931937172774869,0.252929601681154,0,0.247901423249594,0,0,0,0,0.255210621835896,0,0.243958353233356,0
"276","Pterobat",0.0101681658193195,0.14625585007139,0.839805326717993,0.16954499817193,1.00334291589859,0.0500586624951115,0.15231102857753,0.957981832737878,1.10298070138357,0.958074139592669,1.02547048464981,0.121569353084818,0.110390561996559,0.11969111969112,0.119240438274764,0.154440154440154,1.02229582681446,0.0494720375439969,0.059154436175371,0.120092378752887,0.626344848590324,0.994989885087201,0.0846153846153846,0.156968858197638,0.0749910568837381,0.309384633076479,0.0936223753641699,1.37900150593659,0.37109375,0.0273758310520141,0.479099678456592,1.07808645218188,0.339706940735386,0.184450052956275,0.0545561204536566,0.15790042412166,0.0547516621040282,0.086635630934008,0.89504583956244,0.203233256351039,0.0527962456003129,0.0368654408854368,1.16414629739855,0.92242239755755,0.0187719984356668,0.267716535433071,0.0964170731362347,1.07747447791015,0.516855224400991,0.101290574892452,0.247962482356691,0,0,0,0,0,0,0.246661051161802,0.505376466481507,0,0
"277","Pterobat",0.0108225108225108,0.153627788413063,0.920025432110394,0.144055963589819,1.03238093043444,0.0511609602518693,0.150277649724928,0.967874741380873,1.06909708288412,0.974811195300492,1.01278985598147,0.127305270149143,0.115340489120088,0.159774436090226,0.1354413212489,0.139097744360902,1.0826421850279,0.0503738685556867,0.0732244598978151,0.150684931506849,0.653219655694111,1.01963956310538,0.0714285714285714,0.167506934406767,0.0693957299685176,0.35139827904118,0.0995469781617355,1.29008914157366,0.323076923076923,0.0234159779614325,0.462295081967213,1.01948883425528,0.39354120118137,0.167028343165604,0.0509641873278237,0.174685803024199,0.0550964187327824,0.0990683869205734,0.94322939398348,0.191780821917808,0.0527351436442346,0.0388381475737603,1.16314431675619,0.852297918737,0.020857929948839,0.338501291989664,0.0875821971326808,1.05998304747091,0.589440389904669,0.104683195592287,0.250064712657045,0,0,0,0,0,0,0,0.499810551351838,0,0.250124735991117
"278","Neoaves",0.0107005855037351,0.14457422147241,0.819690272485676,0.165167642554236,1.09567611164794,0.0520896426408237,0.157182438461283,0.918756971419644,1.15546185660798,1.00264592876645,0.890860369940306,0.113894226799486,0.102967105409129,0.120147874306839,0.100025188111725,0.166358595194085,1.12480464411552,0.0430042398546336,0.0521139635540082,0.0978260869565217,0.666793563726811,0.890090100041295,0.14453125,0.13995120857649,0.0697654673384304,0.497269486113924,0.0861561494239652,1.31404840209161,0.391472868217054,0.0211992731677771,0.470383275261324,0.987332168081269,0.506316325361757,0.167269012052381,0.0530991318392893,0.155501342862766,0.0478497880072683,0.104227927108016,0.685448964197126,0.169565217391304,0.0486573793660408,0.0463162988424139,1.09759445790426,0.91130369269404,0.0193821926105391,0.285359801488834,0.110532035602453,1.08429278104312,0.631383120126145,0.109226731273975,0,0,0,0.503409882239435,0,0,0,0,0.496590117760565,0,0
"279","Galloanserae",0.00860759493670886,0.131322265001875,0.940126563544936,0.105940650757815,0.936037413362932,0.0653164556962025,0.157807427691329,0.924110488447311,0.884742532483402,0.938673456865873,0.956036213581794,0.113665489875572,0.175464202817631,0.1875,0.189810332607752,0.1,1.01608679394844,0.0349367088607595,0.14677194323739,0.153846153846154,0.647804606610536,0.988767086711119,0.119047619047619,0.119183232102542,0.132425813447269,0.465469495708646,0.129115168111087,1.0054965635491,0.108527131782946,0.0217721518987342,0.216049382716049,1.07639820882624,0.604104042205308,0.154496782355147,0.0491139240506329,0.153393233909753,0.050126582278481,0.12139032899333,0.6339374068777,0.118881118881119,0.0465822784810127,0.0597026908570572,1.2022792942225,0.613559074121476,0.0243037974683544,0.401960784313726,0.100422908530846,0.937631583199939,0.700256242853315,0.0810126582278481,0,0,0,1,0,0,0,0,0,0,0
"280","Rodent",0.0213903743315508,0.132240138291223,1.345804451545,0.0929946778951179,0.952710742889865,0.0792112299465241,0.134799624838795,1.1388660659634,0.970726148210676,0.928060328867068,1.03083026758614,0.0938478400776419,0.20817157253586,0.286764705882353,0.162953976862087,0.113970588235294,1.1100437916085,0.0317513368983957,0.20390576162324,0.194444444444444,0.729986151198492,0.94687753873016,0.106918238993711,0.140771760116463,0.141624922298987,0.534499570207154,0.106645272815502,0.902611487475643,0.189873417721519,0.0237299465240642,0.182795698924731,1.12863338998287,0.686238435278776,0.113470570275694,0.0454545454545455,0.123708516465983,0.0641711229946524,0.131386976108699,0.744177749927925,0.0694444444444444,0.0467914438502674,0.082056232324235,1.07826954609494,0.772038325727384,0.03475935828877,0.175572519083969,0.100673137537834,0.960209424441696,0.856385394813352,0.0909090909090909,0,0,0,0,0,0,0,0.246262371838952,0,0.753737628161048,0
"281","Rodent",0.0210084033613445,0.120350503717018,1.42519549810513,0.0911478079621537,0.952314356195249,0.0780812324929972,0.103536830403612,1.08272666868326,0.949766522036426,0.90668585755409,0.992175993978554,0.102651900229222,0.206188730632833,0.267924528301887,0.199994219412104,0.0792452830188679,1.18127900613909,0.0252100840336134,0.231851705690139,0.167597765363128,0.763687142143679,1.03122902725721,0.0580645161290323,0.135394316681646,0.127429945112137,0.419431746101183,0.100882039880442,0.760035650886484,0.116591928251121,0.0255602240896359,0.175824175824176,1.11327894310899,0.645583780189944,0.105306690752391,0.0476190476190476,0.115040922670679,0.0588235294117647,0.144243618425544,0.645414788400727,0.0949720670391061,0.0521708683473389,0.0797921662799014,1.02380350199561,0.631607224689095,0.0315126050420168,0.223076923076923,0.1132710623219,0.940778408232465,0.901637055019658,0.0927871148459384,0,0,0,0,0,0,0,0.500406510242538,0,0.499593489757462,0
"282","Rodent",0.029332535169111,0.0785862323538497,1.36426111715687,0.0431870285908544,0.877885064549006,0.104459742592038,0.138764878750942,1.2297083389223,0.923655869041176,0.853580401557854,1.01319155991495,0.0523908215692332,0.260538139695646,0.27536231884058,0.118233340568405,0.0695652173913043,1.05646678664921,0.0230469919185873,0.242130553738888,0.166666666666667,0.706542250207722,0.899808030121787,0.0729166666666667,0.0743383279022903,0.209563286276933,0.646957880673821,0.0892059934827483,0.934529500136575,0.0945558739255014,0.014067644417839,0.0972972972972973,1.09362904644616,0.837260807879509,0.092037929783788,0.038012571086501,0.0828341368054092,0.0655492367554624,0.15150859210562,0.749600127289324,0.080952380952381,0.0269380425022448,0.108523467699064,1.04174433266632,0.470826445221893,0.0359173900029931,0.1,0.101241722762167,0.705219035825128,0.917028774496418,0.103262496258605,0,0,0,0,0,0,0,0.763015953916611,0,0.236984046083389,0
"283","Pterobat",0.0128726287262873,0.100768772033236,1.35374830770855,0.104799522914565,0.893050931071665,0.0528455284552846,0.14107628084653,1.02464925918999,1.10322247059022,0.96523474145498,1.00198139503352,0.1370455299652,0.153168533490518,0.184692179700499,0.108830273795894,0.202995008319468,1.20083052020509,0.0347222222222222,0.116891775558553,0.170498084291188,0.59876290480191,1.12517487567647,0.0445205479452055,0.225722049354448,0.0846457685079179,0.202399056614079,0.0967380211519062,1.08052126436222,0.304487179487179,0.0233739837398374,0.420529801324503,1.03299895875676,0.286462279393319,0.157199284371848,0.0719850948509485,0.153168533490518,0.0347222222222222,0.0725535158639296,0.847882958945331,0.21455938697318,0.0753726287262873,0.0201913196633882,1.16271195305967,0.582833965433653,0.0260840108401084,0.409090909090909,0.0403075088132942,0.830041064766236,0.65643983743754,0.10179539295393,1,0,0,0,0,0,0,0,0,0,0
"284","Rodent",0.0126786073656671,0.165206735523568,1.09716316109709,0.123354362524264,1.01166652793839,0.054336888710002,0.204856352049224,1.08595938031263,1.09018687291871,1.04785702788779,0.890084768880595,0.13657090136615,0.138773657839797,0.157794676806084,0.16300397904992,0.091254752851711,1.16878430385758,0.0380358220970014,0.0859075024722553,0.0930851063829787,0.520776924076326,1.0147373984313,0.0318725099601594,0.132165388418854,0.0969212848404932,0.282244016964556,0.0748937201040175,1.17583802020029,0.192592592592593,0.026967196619038,0.392241379310345,0.913705207461529,0.363690550725404,0.198248082628282,0.0641980277721876,0.158598466102625,0.0388408130408533,0.140976414313445,0.751627503628385,0.186170212765957,0.0692292211712618,0.0286892094462313,1.25240110890263,0.657254749595868,0.0237472328436305,0.293103448275862,0.0638799377357796,0.906073609662468,0.726365868534267,0.105856309116522,0,0,0,0,0,0,0,0,0,1,0
"285","Primate",0.0143240823634736,0.112620594601301,0.976099156772611,0.106795391432268,1.0148286389023,0.0658012533572068,0.16990175909679,0.976867503230451,0.893323913104022,0.857383948662389,0.969518812146724,0.123300133744528,0.183493899824533,0.20855614973262,0.14563007922582,0.0748663101604278,0.875745491649661,0.0389435989256938,0.111649727406462,0.0955414012738854,0.477986659325052,0.860509099802311,0.0693069306930693,0.108737125821946,0.0961158522890411,0.391964330633395,0.0883489147303308,1.38012421006755,0.326530612244898,0.0286481647269472,0.4,1.02837953413493,0.444011513968645,0.16213482153808,0.0501342882721576,0.186406501409049,0.0644583706356312,0.107766258627107,0.807817671246615,0.127388535031847,0.0434198746642793,0.0389070730666871,1.25831613858086,0.497140915375782,0.0129811996418979,0.259259259259259,0.134950540082593,0.857420136851434,0.433419645758056,0.0837063563115488,0,0,0,0.492398493646447,0,0,0,0.245810178897837,0.261791327455716,0,0
"286","Primate",0.0163117353874037,0.130044279729787,0.97076871674096,0.121177624293665,1.04728205696474,0.0670593565926597,0.154673878163459,0.907538813586619,0.89303055225178,0.857538676580664,0.994845586337384,0.132999831541828,0.17339237297305,0.151515151515152,0.1576294299755,0.156565656565657,0.92606037020483,0.0439510647938378,0.0886665543612186,0.065359477124183,0.551778296322888,0.798614535422494,0.161290322580645,0.114281336732237,0.0926072901106061,0.373010748841951,0.116251704606931,1.53844930903754,0.412162162162162,0.025373810602628,0.461988304093567,1.02577955931536,0.381949644754532,0.172407189035703,0.0475758948799275,0.205903442905497,0.0643407340280924,0.0926072901106061,0.903832008912284,0.137254901960784,0.044404168554599,0.0335586886574315,1.26545477712417,0.679535234541885,0.0135931128228364,0.342105263157895,0.11034060098285,0.933919709493197,0.509359135570956,0.0897145446307204,0,0,0,0,0,0,0,0.490882706458327,0,0,0.509117293541673
"287","Pterobat",0.0142095914742451,0.112443976830138,1.00783171090878,0.118843227544048,1.11765925925926,0.0537300177619894,0.156324553154094,1.28579224564028,1.05738430114332,0.924092433010555,0.915783902847708,0.127985014278206,0.168208875908499,0.212290502793296,0.169123054581915,0.0446927374301676,1.14074485599102,0.0426287744227353,0.103302190095981,0.0575916230366492,0.366711972331206,0.827193085837753,0.0657894736842105,0.136212622338948,0.0969029393820702,0.301091575091575,0.0694775791795975,0.958099296107546,0.165289256198347,0.0275310834813499,0.219653179190751,1.05175824175824,0.453766798708323,0.1508394811136,0.0435168738898757,0.141697694379442,0.0706039076376554,0.181921556009736,0.578427803593225,0.0732984293193717,0.0550621669626998,0.0467100147222885,1.11327652416921,0.488857621338064,0.0128774422735346,0.127450980392157,0.0987312967289017,0.860003643710838,0.545154466561521,0.0794849023090586,0,0,0,0,0,0,0,0.265305551475474,0,0,0.734694448524526
"288","Carnivore",0.0196691998211891,0.135363607630179,1.02773344468705,0.122955276930746,1.15221058211895,0.0661600357621815,0.169204509537723,1.09279987949423,0.985222768475397,0.794365965399998,0.936711683317819,0.183868900364326,0.169204509537723,0.145251396648045,0.184996930427911,0.162011173184358,1.06954842247293,0.0455967814036656,0.0924984652139554,0.115853658536585,0.508703409778654,0.836453717307849,0.05,0.147771938329612,0.12408330699433,0.417418527746006,0.111674976294897,1.19722468150967,0.22972972972973,0.0192221725525257,0.348148148148148,0.973976564740681,0.461105751230753,0.179356780109987,0.0581135449262405,0.195149201000174,0.0576665176575771,0.0992666455954644,0.800018809843336,0.128048780487805,0.059901654000894,0.0610271623731318,1.23188730947902,0.610142106791399,0.0143048725972284,0.278260869565217,0.109418916167728,0.853237235521678,0.425633329210858,0.0800178810907465,0.246082671379549,0.507239185119304,0,0,0,0,0,0.246678143501147,0,0,0
"289","Carnivore",0.0149416909620991,0.132633205602772,1.00632747875354,0.137144539126676,1.09483831925437,0.0670553935860058,0.169626140498784,1.17010721066641,0.990543606807902,0.827675337479259,0.890716032355534,0.171430673908345,0.187671474594399,0.130841121495327,0.14165587265058,0.107476635514019,1.11757453774849,0.0298833819241982,0.0929334705924188,0.0833333333333333,0.565113038924199,0.774552894596372,0.0900900900900901,0.144362672764922,0.119099205031061,0.341825732677777,0.076692669906365,0.941513358269334,0.266304347826087,0.0287900874635569,0.220095693779904,1.06071696428877,0.601644602329859,0.182257874365715,0.043731778425656,0.175039740727468,0.053935860058309,0.122708271850184,0.49684357298475,0.111111111111111,0.0583090379008746,0.0596605990108825,1.09304155446495,0.543487265866869,0.0142128279883382,0.263473053892216,0.103760671049788,0.940559825680962,0.687955299631132,0.0779883381924198,0,1,0,0,0,0,0,0,0,0,0
"290","Carnivore",0.0138951142985208,0.119700325891515,0.760425891430258,0.166659684510494,1.03253820500184,0.0605109816225908,0.180471260574899,1.08392920768968,1.06392588535562,0.837307536862965,0.873487606468079,0.117858782416261,0.173105086673883,0.0666666666666667,0.0837902281240605,0.107692307692308,0.926506676063073,0.0363065889735545,0.0515632173071141,0.0606060606060606,0.48137671376595,0.739865887306819,0.0227272727272727,0.163897369297613,0.10865106503999,0.111492395595609,0.0552463042576223,1.48202505088297,0.4,0.0358583594800538,0.432203389830508,1.05220948343356,0.157971162871887,0.18967897795117,0.0569251456745854,0.155610423658969,0.0434782608695652,0.0653747933715197,0.552146418175126,0.187878787878788,0.0712684894666069,0.0110698559382915,1.17938784115058,0.658928564346029,0.0192738682205289,0.243243243243243,0.095760260713212,0.961424973832822,0.447295292618207,0.0874047512326311,0,0,0,0.686933323022793,0,0,0,0.313066676977207,0,0,0
"291","Insect",0.0250208507089241,0.138275239842225,1.09474145302274,0.151477398420126,0.850337697243916,0.0750625521267723,0.202201481377324,1.15052272141971,1.09244121776782,1.15389141271868,0.894931314135548,0.146613445259846,0.220962443566972,0.232018561484919,0.129937034424603,0.0812064965197216,1.20065628995897,0.0279399499582986,0.124378230812855,0.192546583850932,0.446324061627546,0.796287426988003,0.178947368421053,0.15842590293481,0.120209128104045,0.736261029125405,0.0882460073364952,0.923895411221023,0.480555555555556,0.0285654712260217,0.207602339181287,0.978966545363646,0.876467925373043,0.170238360609774,0.0515012510425355,0.148697996614252,0.0369057547956631,0.102837866817333,0.628364516097748,0.127329192546584,0.0554628857381151,0.109294860214128,1.25768976283313,0.707767895308774,0.0254378648874062,0.161417322834646,0.0680953442439097,0.954818168800484,0.982503356930939,0.0898665554628857,0,0,0,0,0.75336420865378,0,0,0,0,0.24663579134622,0
"292","Primate",0.0215827338129496,0.132817197030358,1.14613057603847,0.0895743886948929,0.894202252124655,0.0814257684761282,0.189187286467662,1.01177092593995,0.852203202708545,0.848773082374437,1.14566463731727,0.10192947679074,0.214669655665347,0.184931506849315,0.132045004024368,0.0993150684931507,0.901239542740837,0.0284499672988882,0.176832198371815,0.196428571428571,0.647159587763887,0.774917039166119,0.11340206185567,0.0733583355690934,0.158299566228044,0.7236196985738,0.104246055808712,1.13045440755844,0.136546184738956,0.0199476782210595,0.243055555555556,1.28184060890216,0.833210645321651,0.133589390036349,0.0333551340745585,0.134361583042339,0.0568999345977763,0.10192947679074,0.843538452321953,0.151785714285714,0.0232177894048398,0.0920622463602403,1.04445794938474,0.617677063560878,0.0477436232831916,0.176100628930818,0.105790441820693,0.995268986173307,0.85686037281362,0.0954872465663833,0,0,0,0,0,0,0,0.247992182146989,0,0.752007817853011,0
"293","Carnivore",0.0108200455580866,0.133595081133334,0.955593963401483,0.174664947064783,1.09851449519217,0.0609339407744875,0.152477778113311,0.964701600168247,1.18329977460049,0.947500358620171,0.893999926856392,0.130762676586338,0.114240316728858,0.125,0.106215170512368,0.159926470588235,1.18210104026706,0.0408124525436598,0.062784967458422,0.152993348115299,0.671685000590607,0.975040973139725,0.119718309859155,0.170888407668788,0.095829687173381,0.386082666405346,0.0939414174753833,1.18048810201462,0.286604361370716,0.0239179954441913,0.40625,0.987143181150032,0.469679175975289,0.162863261452298,0.0588458618071374,0.144452631896821,0.0429005315110099,0.101494496267374,0.668174977168229,0.17960088691796,0.0559984813971147,0.044929996041911,1.13438349533391,0.800812883800436,0.018413059984814,0.272300469483568,0.101966563691873,1.05336388363307,0.643258391286868,0.103264996203493,0.503708156469083,0.243111974892959,0,0,0,0,0,0.253179868637958,0,0,0
"294","Galloanserae",0.0139762403913347,0.124685989818011,0.968458619766418,0.0821284962873126,0.974836927517967,0.0625436757512229,0.140365066381952,1.12737493167447,0.928527503964313,0.766011148915944,0.970796052565448,0.0940744593836489,0.173963087590398,0.142857142857143,0.191882032234903,0.0989010989010989,0.984013333229734,0.037037037037037,0.144098179849558,0.0987124463519313,0.603580636309122,0.967597780593475,0.0915032679738562,0.0776487601261864,0.105273799786464,0.510310829861129,0.0925812139966069,0.841849192539669,0.150837988826816,0.0164220824598183,0.116,1.03934866265294,0.72419512602953,0.101540686318859,0.0405310971348707,0.0836217416743546,0.0960866526904263,0.176949578364483,0.721870781844296,0.0815450643776824,0.026554856743536,0.0837776070348105,1.03000647607753,0.646727854882361,0.0206149545772187,0.144,0.103033931705901,1.04729802112457,0.500601971843028,0.0953878406708595,0,0.754649326092721,0,0.245350673907279,0,0,0,0,0,0,0
"295","Galloanserae",0.0141299959628583,0.065040850216613,0.740873728306403,0.149017644167177,1.11161359242142,0.0654016955995155,0.201708965861648,1.55567519584299,1.00860510894043,1.15588211415117,0.91917165026862,0.0897399072608965,0.167130285999651,0.074468085106383,0.104559341487466,0.0159574468085106,0.891748386545498,0.0363342753330642,0.065040850216613,0.0045045045045045,0.335660586349925,0.668957971928718,0.0377358490566038,0.106205945290419,0.139961323250939,0.425678019309115,0.0395184912708535,0.715961993788629,0.154320987654321,0.0181671376665321,0.105932203389831,1.16768557590299,0.432245025338785,0.200062362058696,0.0391602745256358,0.0526913216944713,0.0867985466289867,0.194299248748363,0.424855022958008,0.045045045045045,0.0391602745256358,0.0577385536993927,0.844483866494083,0.303122064320122,0.0189745660072669,0.0510948905109489,0.0806835863446592,0.98279078367681,0.329388628607785,0.0758982640290674,0,0.465236021230449,0,0.534763978769551,0,0,0,0,0,0,0
"296","Artiodactyl",0.0160824742268041,0.102818315621824,1.02685521552437,0.0997942475152997,0.941042601345938,0.0721649484536082,0.145155269113163,1.12676042953431,0.966124964263707,1.14100784998489,0.964312623813098,0.0947541340044259,0.182452109093629,0.253456221198157,0.223781039882793,0.0552995391705069,1.07324672602613,0.0449484536082474,0.193540358817551,0.124324324324324,0.456032079733439,1.18945176363277,0.0878378378378378,0.104834361026173,0.108866451834872,0.5005920445972,0.123986792367494,0.890865789367057,0.0914285714285714,0.0210309278350515,0.101769911504425,1.03421808198508,0.655868164175165,0.149187359921862,0.0552577319587629,0.0776177480674553,0.0787628865979381,0.15725154153926,0.682486712987484,0.0810810810810811,0.0362886597938144,0.081802028741048,1.32997974771889,0.491829017327585,0.0131958762886598,0.15625,0.0504011351087372,0.996758350488617,0.559723278596709,0.0894845360824742,0,0.253005167047423,0,0,0,0,0,0.501652075251836,0,0.245342757700741,0
"297","Primate",0.0148237179487179,0.112670916635485,1.06740985727646,0.115688887616793,1.06737498274497,0.0745192307692308,0.127760771542023,1.0324286248892,1.00809888304322,0.997824725045246,0.88396898540592,0.140838645794356,0.179066278224253,0.2,0.199186084766304,0.115555555555556,1.16594732940798,0.0352564102564103,0.128766761869126,0.135593220338983,0.525092838843267,1.04232480114849,0.0492957746478873,0.158946471682202,0.113676906962588,0.317847061570134,0.109652945654177,0.939784439647349,0.204301075268817,0.0248397435897436,0.279187817258883,0.985325890867415,0.462122874864486,0.16196444266351,0.0572916666666667,0.151904539392484,0.0717147435897436,0.142850626448561,0.611634657715166,0.135593220338983,0.0556891025641026,0.0483775404533567,1.22843558833829,0.532195585494901,0.0128205128205128,0.282258064516129,0.0734372938784857,0.922271626846546,0.637620456745578,0.0901442307692308,0.229171762633922,0.236129068329059,0,0,0,0,0,0.31325347515847,0,0.221445693878549,0
"298","Rodent",0.0163761225567882,0.11324948950273,1.4025131017419,0.068447493655496,0.721451343686444,0.0649762282091918,0.102048990540921,0.987780019382203,0.89764423253993,0.755021877649697,1.16128224942887,0.121960988695247,0.154317985696027,0.39766081871345,0.204097981081843,0.0233918128654971,1.13271875222547,0.0486001056524036,0.204097981081843,0.375,0.46193587070955,1.02370922752889,0.0806451612903226,0.109515989848794,0.0970709910023397,0.565553646904911,0.153073485811382,1.11176518793706,0.105691056910569,0.0158478605388273,0.325,1.1817094622171,0.788083851321817,0.0871149919251767,0.0517696777601691,0.16427398477319,0.0618066561014263,0.123205488579893,0.899108056825891,0.0568181818181818,0.0380348652931854,0.099745563967523,1.40562460176798,0.564493590914823,0.0274696249339672,0.185714285714286,0.068447493655496,0.888989707124698,0.954751363910484,0.0903328050713154,0.0909090909090909,0.0909090909090909,0.0909090909090909,0.0909090909090909,0.0909090909090909,0.0909090909090909,0.0909090909090909,0.0909090909090909,0.0909090909090909,0.0909090909090909,0.0909090909090909
"299","Rodent",0.0244676030811056,0.117243648368409,0.916202167422156,0.121667936986085,1.20790837084488,0.0702310829179882,0.225638719501466,1.09326902032526,0.860301934062174,0.895410139642108,0.972193430546981,0.130516514221436,0.204623348567506,0.0896860986547085,0.132728658530274,0.0762331838565022,0.79743987940359,0.0462165835976439,0.100652566052125,0.0709677419354839,0.543735264250077,0.872411230541142,0.0763358778625954,0.120561864831666,0.14821366869214,0.434975119278366,0.0962282774344488,1.52164385747915,0.154838709677419,0.0140462165835976,0.368421052631579,1.04116384933651,0.38579104386785,0.176971544707032,0.0534662437698233,0.163698678854005,0.0589034888989579,0.0862736280446782,0.835893351537907,0.116129032258065,0.0425917535115541,0.0432172181724068,1.23622016293079,0.547778822359819,0.0117806977797916,0.343434343434343,0.0929100609711919,0.892987953212587,0.402481370641112,0.101042138649751,0,0.246476881925869,0,0,0,0,0,0.753523118074131,0,0,0
"300","Rodent",0.021490626428898,0.0977114514318499,1.21128841395632,0.119552834693087,1.025087854977,0.0749885688157293,0.187376077451665,1.17613412490781,0.98002734845402,1.17436893203883,0.96811904995806,0.125300567130255,0.216114739637503,0.168367346938776,0.170132880140162,0.0714285714285714,1.04857961833514,0.0384087791495199,0.157487868778393,0.0909090909090909,0.464457910412414,1.05087112639859,0.0444444444444445,0.119552834693087,0.14024467146689,0.545923621498438,0.0988609979192835,0.930771952193468,0.134146341463415,0.0150891632373114,0.180851063829787,1.02119830374414,0.65969174200682,0.166684240677862,0.050297210791038,0.106907823331318,0.0626428898033836,0.145992403904058,0.759898734177215,0.0974025974025974,0.046639231824417,0.0875283765833248,1.22322782000271,0.400451057509833,0.0169181527206219,0.135802469135802,0.080468254120347,0.844855235857897,0.571104815864023,0.0896204846822131,0.254463453158005,0.501177948200727,0,0,0,0,0,0,0,0.244358598641268,0
"301","Galloanserae",0.0241691842900302,0.0940601672193589,1.39091312712742,0.145009424463178,0.99529143701441,0.0574018126888218,0.183221367396043,1.16104583551525,0.934848297843004,0.955175904111785,1.02016317850942,0.153827565139993,0.181261780578973,0.156756756756757,0.107777274938849,0.135135135135135,0.977478467479781,0.0418644799309452,0.090140993585219,0.0930232558139535,0.4731955963099,0.840677282805886,0.0677966101694915,0.172443639902158,0.100918721079104,0.411010754126108,0.0754440924571941,1.30711317570306,0.308270676691729,0.0250323694432456,0.41726618705036,1.08735756471337,0.426802962437614,0.183221367396043,0.0725075528700906,0.164605292633878,0.0427276650841606,0.0548684308779594,0.84081247047709,0.193798449612403,0.0807078118256366,0.0412280264857251,1.36565973313925,0.487095227514589,0.017695295640915,0.282894736842105,0.0764238858657291,0.876293454493747,0.569791079463122,0.0798446266724212,0,0,0,0.502614122861834,0,0,0,0.247621672184724,0,0.249764204953443,0
"302","Carnivore",0.0176619007569386,0.102158490197544,1.30510384145514,0.110671697714006,1.24020749148494,0.0756938603868797,0.151109433417201,1.13342034686331,1.01824755767742,0.802230294838219,0.931412155572964,0.176649055966587,0.185162263483049,0.0869565217391304,0.183033961603933,0.108695652173913,1.20818955492696,0.0353238015138772,0.110671697714006,0.113636363636364,0.434405074465749,0.838047254708384,0.116666666666667,0.153237735296316,0.129826414626046,0.367851660825179,0.106415093955775,1.21275361305572,0.222222222222222,0.0235492010092515,0.422680412371134,1.02097603820866,0.435660524380903,0.178777357845702,0.0580319596299411,0.178777357845702,0.0597140454163162,0.112799999593122,0.718979981222932,0.0454545454545455,0.0622371740958789,0.0426453778430856,1.26918441388918,0.462292421701736,0.0109335576114382,0.196078431372549,0.0893886789228512,0.828485467938088,0.671651442890631,0.0773759461732548,0.251052468713793,0.497362531394152,0,0,0,0,0,0.251584999892055,0,0,0
"303","Primate",0.0234561991383437,0.11501780568298,1.11696985923035,0.104561641529982,0.987600234596129,0.0751555768310196,0.110370621614981,1.02083312483437,1.02293385946144,1.0778862014826,0.819119319718937,0.101076253478983,0.191696342804967,0.307291666666667,0.245138959586958,0.046875,1.21878310235247,0.0397319291527046,0.184725566702968,0.156716417910448,0.498316064007238,1.01038545767221,0.0603448275862069,0.0975908654279833,0.153357074243974,0.473209304276695,0.0917818853429843,0.934969996353148,0.165605095541401,0.0239348970799426,0.178899082568807,0.926701554208528,0.680094481051044,0.11850319373398,0.0497845859262805,0.0790021291559865,0.0732407850646242,0.132444745937977,0.497591207517305,0.0746268656716418,0.0335088559119196,0.073329576228978,1.304691322594,0.569002336507298,0.0100526567735759,0.253333333333333,0.0801639251729862,0.99710944225203,0.839200225288651,0.0919100047869794,0,1,0,0,0,0,0,0,0,0,0
"304","Carnivore",0.0152190051967335,0.138586443466299,1.15848101265823,0.121376362251529,1.11629800217762,0.0671863400148478,0.148550174695902,1.14588067443166,1.15073300332495,0.868427820106194,0.798889935412173,0.184781924621731,0.175723987140274,0.153846153846154,0.158513905925505,0.122171945701357,1.26656017200654,0.0285820341499629,0.0869561998219912,0.0730337078651685,0.512078636124422,0.703099343061548,0.0923076923076923,0.149455968444047,0.124999537244112,0.470828456614152,0.0833330248294083,0.982400510925214,0.270718232044199,0.0219005196733482,0.292553191489362,0.90322193717817,0.698494676149146,0.17662978088842,0.0501113585746102,0.194745655851335,0.0567928730512249,0.13405747472557,0.519247467438495,0.0842696629213483,0.0579064587973274,0.0725985669920719,1.16009053036372,0.702629559387818,0.0170749814402376,0.154411764705882,0.107789456029343,0.92562957661497,0.742721061019619,0.0820341499628805,0.263029389698083,0.736970610301917,0,0,0,0,0,0,0,0,0
